BoneCount: 67
RootBone: 0
BoneName: RootNode
BoneImdex: 0
BoneParentIndex: -1
BoneChildCount: 2
1
2
1.000000 0.000000 -0.000000 0.000000
0.000000 1.000000 -0.000000 0.000000
-0.000000 -0.000000 1.000000 -0.000000
0.000000 0.000000 -0.000000 1.000000
1.000000 0.000000 0.000000 0.000000
0.000000 1.000000 0.000000 0.000000
0.000000 0.000000 1.000000 0.000000
0.000000 0.000000 0.000000 1.000000
BoneName: Ch43
BoneImdex: 1
BoneParentIndex: 0
BoneChildCount: 0
1.000000 0.000000 -0.000000 0.000000
0.000000 1.000000 -0.000000 0.000000
-0.000000 -0.000000 1.000000 -0.000000
0.000000 0.000000 -0.000000 1.000000
1.000000 0.000000 0.000000 0.000000
0.000000 1.000000 0.000000 0.000000
0.000000 0.000000 1.000000 0.000000
0.000000 0.000000 0.000000 1.000000
BoneName: mixamorig:Hips
BoneImdex: 2
BoneParentIndex: 0
BoneChildCount: 3
3
57
62
1.000000 0.000000 -0.000000 0.000000
0.000000 1.000000 -0.000000 0.000000
-0.000000 -0.000000 1.000000 -0.000000
0.000000 0.776271 -0.071908 1.000000
1.000000 0.000000 -0.000000 0.000000
0.000000 1.000000 -0.000000 0.000000
-0.000000 -0.000000 1.000000 -0.000000
0.000000 -0.776271 0.071908 1.000000
BoneName: mixamorig:Spine
BoneImdex: 3
BoneParentIndex: 2
BoneChildCount: 1
4
1.000000 0.000000 -0.000000 0.000000
0.000000 0.993096 0.117307 0.000000
-0.000000 -0.117307 0.993096 -0.000000
0.000000 0.146857 0.017347 1.000000
1.000000 0.000000 -0.000000 0.000000
0.000000 0.993096 -0.117307 0.000000
-0.000000 0.117307 0.993096 -0.000000
0.000000 -0.910355 0.162473 1.000000
BoneName: mixamorig:Spine1
BoneImdex: 4
BoneParentIndex: 3
BoneChildCount: 1
5
1.000000 0.000000 -0.000000 0.000000
0.000000 1.000000 -0.000000 0.000000
-0.000000 -0.000000 1.000000 -0.000000
0.000000 0.172524 -0.000000 1.000000
1.000000 0.000000 -0.000000 0.000000
0.000000 0.993096 -0.117307 0.000000
-0.000000 0.117307 0.993096 -0.000000
0.000000 -1.082879 0.162473 1.000000
BoneName: mixamorig:Spine2
BoneImdex: 5
BoneParentIndex: 4
BoneChildCount: 3
6
9
33
1.000000 0.000000 -0.000000 0.000000
0.000000 1.000000 -0.000000 0.000000
-0.000000 -0.000000 1.000000 -0.000000
0.000000 0.197171 -0.000000 1.000000
1.000000 0.000000 -0.000000 0.000000
0.000000 0.993096 -0.117307 0.000000
-0.000000 0.117307 0.993096 -0.000000
0.000000 -1.280050 0.162473 1.000000
BoneName: mixamorig:Neck
BoneImdex: 6
BoneParentIndex: 5
BoneChildCount: 1
7
1.000000 0.000000 -0.000000 0.000000
0.000000 0.993096 -0.117307 0.000000
-0.000000 0.117307 0.993096 -0.000000
0.000000 0.221817 -0.000000 1.000000
1.000000 0.000000 -0.000000 0.000000
0.000000 1.000000 -0.000000 0.000000
-0.000000 0.000000 1.000000 -0.000000
0.000000 -1.510557 -0.014828 1.000000
BoneName: mixamorig:Head
BoneImdex: 7
BoneParentIndex: 6
BoneChildCount: 1
8
1.000000 0.000000 -0.000000 0.000000
0.000000 1.000000 -0.000000 0.000000
-0.000000 -0.000000 1.000000 -0.000000
0.000000 0.077723 -0.011677 1.000000
1.000000 0.000000 -0.000000 0.000000
0.000000 1.000000 -0.000000 0.000000
-0.000000 0.000000 1.000000 -0.000000
0.000000 -1.588280 -0.003151 1.000000
BoneName: mixamorig:HeadTop_End
BoneImdex: 8
BoneParentIndex: 7
BoneChildCount: 0
1.000000 0.000000 -0.000000 0.000000
0.000000 1.000000 -0.000000 0.000000
-0.000000 -0.000000 1.000000 -0.000000
0.000000 0.265182 -0.039839 1.000000
1.000000 0.000000 0.000000 0.000000
0.000000 1.000000 0.000000 0.000000
0.000000 0.000000 1.000000 0.000000
0.000000 0.000000 0.000000 1.000000
BoneName: mixamorig:LeftShoulder
BoneImdex: 9
BoneParentIndex: 5
BoneChildCount: 1
10
-0.032559 -0.000793 0.999470 0.000000
0.960709 -0.275811 0.031077 0.000000
0.275640 0.961212 0.009742 -0.000000
0.116466 0.186886 0.003942 1.000000
-0.032559 0.960709 0.275640 0.000000
-0.118033 -0.277553 0.953432 0.000000
0.992476 -0.001492 0.122432 -0.000000
0.163403 0.297634 -1.440594 1.000000
BoneName: mixamorig:LeftArm
BoneImdex: 10
BoneParentIndex: 9
BoneChildCount: 1
11
0.998151 0.060778 -0.000000 0.000000
-0.059834 0.982647 0.175573 0.000000
0.010671 -0.175248 0.984466 -0.000000
-0.000000 0.244557 0.000000 1.000000
0.025891 0.994381 0.102649 0.000000
-0.134684 -0.098277 0.986003 0.000000
0.990550 -0.039354 0.131382 -0.000000
0.166327 -0.210550 -1.425775 1.000000
BoneName: mixamorig:LeftForeArm
BoneImdex: 11
BoneParentIndex: 10
BoneChildCount: 1
12
0.999894 -0.014582 -0.000000 0.000000
0.014497 0.994067 0.107796 0.000000
-0.001572 -0.107784 0.994173 -0.000000
0.000000 0.227567 -0.000000 1.000000
0.011388 0.999922 -0.005169 0.000000
-0.133236 0.006640 0.991062 0.000000
0.991019 -0.010597 0.133301 -0.000000
0.172698 -0.586799 -1.370506 1.000000
BoneName: mixamorig:LeftHand
BoneImdex: 12
BoneParentIndex: 11
BoneChildCount: 5
13
17
21
25
29
0.994707 -0.038096 0.095430 0.000000
0.034518 0.998648 0.038870 0.000000
-0.096782 -0.035370 0.994677 -0.000000
-0.000000 0.322383 -0.000000 1.000000
-0.027259 0.998762 -0.041611 0.000000
-0.038207 0.040555 0.998447 0.000000
0.998898 0.028807 0.037054 -0.000000
0.075633 -0.955263 -1.347767 1.000000
BoneName: mixamorig:LeftHandThumb1
BoneImdex: 13
BoneParentIndex: 12
BoneChildCount: 1
14
0.768617 0.639709 -0.000000 0.000000
-0.584449 0.702221 -0.406578 0.000000
-0.260092 0.312503 0.913616 -0.000000
-0.046926 0.038107 -0.026394 1.000000
0.617966 0.734201 0.281190 0.000000
-0.003423 -0.355138 0.934808 0.000000
0.786198 -0.578641 -0.216950 -0.000000
-0.541268 -0.231953 -1.549535 1.000000
BoneName: mixamorig:LeftHandThumb2
BoneImdex: 14
BoneParentIndex: 13
BoneChildCount: 1
15
1.000000 0.000000 -0.000000 0.000000
0.000000 0.994977 0.100101 0.000000
-0.000000 -0.100101 0.994977 -0.000000
-0.009352 0.051933 -0.000000 1.000000
0.617966 0.758660 0.206283 0.000000
-0.003423 -0.259780 0.965662 0.000000
0.786198 -0.597452 -0.157938 -0.000000
-0.531916 -0.437569 -1.513335 1.000000
BoneName: mixamorig:LeftHandThumb3
BoneImdex: 15
BoneParentIndex: 14
BoneChildCount: 1
16
1.000000 0.000000 -0.000000 0.000000
0.000000 0.995734 -0.092268 0.000000
-0.000000 0.092268 0.995734 -0.000000
0.002925 0.052138 0.000000 1.000000
0.617966 0.736391 0.275403 0.000000
-0.003423 -0.347771 0.937573 0.000000
0.786198 -0.580331 -0.212390 -0.000000
-0.534841 -0.347986 -1.552064 1.000000
BoneName: mixamorig:LeftHandThumb4
BoneImdex: 16
BoneParentIndex: 15
BoneChildCount: 0
1.000000 0.000000 -0.000000 0.000000
0.000000 1.000000 -0.000000 0.000000
-0.000000 -0.000000 1.000000 -0.000000
0.006427 0.041365 -0.000000 1.000000
1.000000 0.000000 0.000000 0.000000
0.000000 1.000000 0.000000 0.000000
0.000000 0.000000 1.000000 0.000000
0.000000 0.000000 0.000000 1.000000
BoneName: mixamorig:LeftHandIndex1
BoneImdex: 17
BoneParentIndex: 12
BoneChildCount: 1
18
0.999725 -0.023440 -0.000000 0.000000
0.023412 0.998519 -0.049111 0.000000
0.001151 0.049097 0.998793 -0.000000
-0.057273 0.123865 -0.001691 1.000000
-0.050663 0.998688 0.007445 0.000000
-0.039147 -0.009434 0.999189 0.000000
0.997948 0.050330 0.039573 -0.000000
0.158164 -1.008311 -1.397282 1.000000
BoneName: mixamorig:LeftHandIndex2
BoneImdex: 18
BoneParentIndex: 17
BoneChildCount: 1
19
1.000000 0.000000 -0.000000 0.000000
0.000000 0.999755 -0.022149 0.000000
-0.000000 0.022149 0.999755 -0.000000
-0.000021 0.044678 0.000000 1.000000
-0.050663 0.998278 0.029563 0.000000
-0.039147 -0.031563 0.998735 0.000000
0.997948 0.049441 0.040678 -0.000000
0.158185 -1.021782 -1.420262 1.000000
BoneName: mixamorig:LeftHandIndex3
BoneImdex: 19
BoneParentIndex: 18
BoneChildCount: 1
20
1.000000 0.000000 -0.000000 0.000000
0.000000 0.999754 0.022192 0.000000
-0.000000 -0.022192 0.999754 -0.000000
0.000019 0.044341 -0.000000 1.000000
-0.050663 0.998688 0.007402 0.000000
-0.039147 -0.009392 0.999189 0.000000
0.997948 0.050332 0.039571 -0.000000
0.158166 -1.097379 -1.396253 1.000000
BoneName: mixamorig:LeftHandIndex4
BoneImdex: 20
BoneParentIndex: 19
BoneChildCount: 0
1.000000 0.000000 -0.000000 0.000000
0.000000 1.000000 -0.000000 0.000000
-0.000000 -0.000000 1.000000 -0.000000
0.000002 0.035897 0.000000 1.000000
1.000000 0.000000 0.000000 0.000000
0.000000 1.000000 0.000000 0.000000
0.000000 0.000000 1.000000 0.000000
0.000000 0.000000 0.000000 1.000000
BoneName: mixamorig:LeftHandMiddle1
BoneImdex: 21
BoneParentIndex: 12
BoneChildCount: 1
22
1.000000 0.000469 -0.000000 0.000000
-0.000469 0.999789 -0.020559 0.000000
-0.000010 0.020559 0.999789 -0.000000
-0.017709 0.120455 0.002753 1.000000
-0.026791 0.999419 -0.021069 0.000000
-0.038188 0.020037 0.999070 0.000000
0.998911 0.027571 0.037629 -0.000000
0.092837 -1.047770 -1.372350 1.000000
BoneName: mixamorig:LeftHandMiddle2
BoneImdex: 22
BoneParentIndex: 21
BoneChildCount: 1
23
1.000000 0.000000 -0.000000 0.000000
0.000000 0.997188 -0.074937 0.000000
-0.000000 0.074937 0.997188 -0.000000
-0.000111 0.054915 0.000000 1.000000
-0.026791 0.998188 0.053884 0.000000
-0.038188 -0.054886 0.997762 0.000000
0.998911 0.024673 0.039589 -0.000000
0.092948 -0.996746 -1.451123 1.000000
BoneName: mixamorig:LeftHandMiddle3
BoneImdex: 23
BoneParentIndex: 22
BoneChildCount: 1
24
1.000000 0.000000 -0.000000 0.000000
0.000000 0.999869 -0.016204 0.000000
-0.000000 0.016204 0.999869 -0.000000
0.000046 0.052028 -0.000000 1.000000
-0.026791 0.997184 0.070051 0.000000
-0.038188 -0.071046 0.996742 0.000000
0.998911 0.024029 0.039983 -0.000000
0.092902 -1.025122 -1.467927 1.000000
BoneName: mixamorig:LeftHandMiddle4
BoneImdex: 24
BoneParentIndex: 23
BoneChildCount: 0
1.000000 0.000000 -0.000000 0.000000
0.000000 1.000000 -0.000000 0.000000
-0.000000 -0.000000 1.000000 -0.000000
0.000065 0.044565 0.000000 1.000000
1.000000 0.000000 0.000000 0.000000
0.000000 1.000000 0.000000 0.000000
0.000000 0.000000 1.000000 0.000000
0.000000 0.000000 0.000000 1.000000
BoneName: mixamorig:LeftHandRing1
BoneImdex: 25
BoneParentIndex: 12
BoneChildCount: 1
26
0.999928 0.011959 -0.000000 0.000000
-0.011956 0.999697 0.021516 0.000000
0.000257 -0.021514 0.999768 -0.000000
0.020705 0.122816 0.001835 1.000000
-0.015313 0.997890 -0.063095 0.000000
-0.037719 0.062481 0.997333 0.000000
0.999171 0.017653 0.036683 -0.000000
0.042032 -1.107447 -1.326082 1.000000
BoneName: mixamorig:LeftHandRing2
BoneImdex: 26
BoneParentIndex: 25
BoneChildCount: 1
27
1.000000 0.000000 -0.000000 0.000000
0.000000 0.998067 -0.062149 0.000000
-0.000000 0.062149 0.998067 -0.000000
-0.000124 0.046914 0.000000 1.000000
-0.015313 0.999882 -0.000956 0.000000
-0.037719 0.000377 0.999288 0.000000
0.999171 0.015339 0.037709 -0.000000
0.042156 -1.069715 -1.395261 1.000000
BoneName: mixamorig:LeftHandRing3
BoneImdex: 27
BoneParentIndex: 26
BoneChildCount: 1
28
1.000000 0.000000 -0.000000 0.000000
0.000000 0.991095 -0.133157 0.000000
-0.000000 0.133157 0.991095 -0.000000
-0.000021 0.045183 0.000000 1.000000
-0.015313 0.991105 0.132194 0.000000
-0.037719 -0.132688 0.990440 0.000000
0.999171 0.010181 0.039415 -0.000000
0.042177 -0.919180 -1.531292 1.000000
BoneName: mixamorig:LeftHandRing4
BoneImdex: 28
BoneParentIndex: 27
BoneChildCount: 0
1.000000 0.000000 -0.000000 0.000000
0.000000 1.000000 -0.000000 0.000000
-0.000000 -0.000000 1.000000 -0.000000
0.000146 0.035681 -0.000000 1.000000
1.000000 0.000000 0.000000 0.000000
0.000000 1.000000 0.000000 0.000000
0.000000 0.000000 1.000000 0.000000
0.000000 0.000000 0.000000 1.000000
BoneName: mixamorig:LeftHandPinky1
BoneImdex: 29
BoneParentIndex: 12
BoneChildCount: 1
30
0.999875 0.015796 -0.000000 0.000000
-0.015795 0.999827 0.009802 0.000000
0.000155 -0.009801 0.999952 -0.000000
0.054277 0.114116 -0.002771 1.000000
-0.011479 0.998612 -0.051402 0.000000
-0.037561 0.050938 0.997995 0.000000
0.999228 0.013387 0.036924 -0.000000
0.004461 -1.082715 -1.334448 1.000000
BoneName: mixamorig:LeftHandPinky2
BoneImdex: 30
BoneParentIndex: 29
BoneChildCount: 1
31
1.000000 0.000000 -0.000000 0.000000
0.000000 0.999168 -0.040776 0.000000
-0.000000 0.040776 0.999168 -0.000000
-0.000033 0.044523 -0.000000 1.000000
-0.011479 0.999878 -0.010640 0.000000
-0.037561 0.010202 0.999242 0.000000
0.999228 0.011870 0.037440 -0.000000
0.004494 -1.071887 -1.379302 1.000000
BoneName: mixamorig:LeftHandPinky3
BoneImdex: 31
BoneParentIndex: 30
BoneChildCount: 1
32
1.000000 0.000000 -0.000000 0.000000
0.000000 0.999897 0.014386 0.000000
-0.000000 -0.014386 0.999897 -0.000000
0.000027 0.035366 0.000000 1.000000
-0.011479 0.999621 -0.025023 0.000000
-0.037561 0.024576 0.998992 0.000000
0.999228 0.012408 0.037265 -0.000000
0.004467 -1.126982 -1.363230 1.000000
BoneName: mixamorig:LeftHandPinky4
BoneImdex: 32
BoneParentIndex: 31
BoneChildCount: 0
1.000000 0.000000 -0.000000 0.000000
0.000000 1.000000 -0.000000 0.000000
-0.000000 -0.000000 1.000000 -0.000000
0.000006 0.028235 0.000000 1.000000
1.000000 0.000000 0.000000 0.000000
0.000000 1.000000 0.000000 0.000000
0.000000 0.000000 1.000000 0.000000
0.000000 0.000000 0.000000 1.000000
BoneName: mixamorig:RightShoulder
BoneImdex: 33
BoneParentIndex: 5
BoneChildCount: 1
34
-0.035642 0.000807 -0.999364 0.000000
-0.960709 -0.275461 0.034040 0.000000
-0.275258 0.961312 0.010594 -0.000000
-0.116466 0.186929 0.004305 1.000000
-0.035642 -0.960709 -0.275259 0.000000
0.118034 -0.277552 0.953432 0.000000
-0.992370 0.001492 0.123289 -0.000000
-0.163404 0.297589 -1.440607 1.000000
BoneName: mixamorig:RightArm
BoneImdex: 34
BoneParentIndex: 33
BoneChildCount: 1
35
0.997770 -0.066750 -0.000000 0.000000
0.065723 0.982410 0.174787 0.000000
-0.011667 -0.174397 0.984606 -0.000000
0.000000 0.244557 0.000000 1.000000
0.028565 -0.994265 -0.103061 0.000000
0.136298 -0.098266 0.985782 0.000000
-0.990256 -0.042206 0.132709 -0.000000
-0.166579 -0.210438 -1.425773 1.000000
BoneName: mixamorig:RightForeArm
BoneImdex: 35
BoneParentIndex: 34
BoneChildCount: 1
36
0.999838 0.017999 -0.000000 0.000000
-0.017893 0.993958 0.108291 0.000000
0.001949 -0.108273 0.994119 -0.000000
-0.000000 0.227594 -0.000000 1.000000
0.010665 -0.999929 0.005253 0.000000
0.134507 0.006640 0.990890 0.000000
-0.990855 -0.009861 0.134568 -0.000000
-0.174437 -0.586803 -1.370286 1.000000
BoneName: mixamorig:RightHand
BoneImdex: 36
BoneParentIndex: 35
BoneChildCount: 5
37
41
45
49
53
0.995527 0.030870 -0.089292 0.000000
-0.027459 0.998855 0.039173 0.000000
0.090399 -0.036546 0.995235 -0.000000
0.000000 0.322381 -0.000000 1.000000
-0.020719 -0.998872 0.042736 0.000000
0.045632 0.041755 0.998085 0.000000
-0.998743 0.022630 0.044715 -0.000000
-0.079367 -0.957031 -1.346299 1.000000
BoneName: mixamorig:RightHandThumb1
BoneImdex: 37
BoneParentIndex: 36
BoneChildCount: 1
38
0.787452 -0.616376 -0.000000 0.000000
0.561414 0.717235 -0.412781 0.000000
0.254428 0.325045 0.910830 -0.000000
0.046942 0.038493 -0.026849 1.000000
0.599365 -0.745698 -0.291025 0.000000
0.010196 -0.356424 0.934269 0.000000
-0.800411 -0.562936 -0.206025 -0.000000
0.514155 -0.240293 -1.557521 1.000000
BoneName: mixamorig:RightHandThumb2
BoneImdex: 38
BoneParentIndex: 37
BoneChildCount: 1
39
1.000000 0.000000 -0.000000 0.000000
0.000000 0.994740 0.102432 0.000000
-0.000000 -0.102432 0.994740 -0.000000
0.010591 0.052036 -0.000000 1.000000
0.599365 -0.771586 -0.213111 0.000000
0.010196 -0.258850 0.965864 0.000000
-0.800411 -0.581078 -0.147279 -0.000000
0.503564 -0.450331 -1.519385 1.000000
BoneName: mixamorig:RightHandThumb3
BoneImdex: 39
BoneParentIndex: 38
BoneChildCount: 1
40
1.000000 0.000000 -0.000000 0.000000
0.000000 0.995863 -0.090864 0.000000
-0.000000 0.090864 0.995863 -0.000000
-0.001764 0.052466 0.000000 1.000000
0.599365 -0.749030 -0.282339 0.000000
0.010196 -0.345542 0.938348 0.000000
-0.800411 -0.565292 -0.199469 -0.000000
0.505327 -0.362659 -1.558786 1.000000
BoneName: mixamorig:RightHandThumb4
BoneImdex: 40
BoneParentIndex: 39
BoneChildCount: 0
1.000000 0.000000 -0.000000 0.000000
0.000000 1.000000 -0.000000 0.000000
-0.000000 -0.000000 1.000000 -0.000000
-0.008827 0.039548 0.000000 1.000000
1.000000 0.000000 0.000000 0.000000
0.000000 1.000000 0.000000 0.000000
0.000000 0.000000 1.000000 0.000000
0.000000 0.000000 0.000000 1.000000
BoneName: mixamorig:RightHandIndex1
BoneImdex: 41
BoneParentIndex: 36
BoneChildCount: 1
42
0.999912 -0.013301 -0.000000 0.000000
0.013247 0.995913 -0.089340 0.000000
0.001188 0.089332 0.996001 -0.000000
0.056009 0.122284 -0.000089 1.000000
-0.007432 -0.998882 -0.046691 0.000000
0.045073 -0.046979 0.997878 0.000000
-0.998956 0.005311 0.045371 -0.000000
-0.121008 -0.956428 -1.437404 1.000000
BoneName: mixamorig:RightHandIndex2
BoneImdex: 42
BoneParentIndex: 41
BoneChildCount: 1
43
1.000000 0.000000 -0.000000 0.000000
0.000000 0.999982 0.006014 0.000000
-0.000000 -0.006014 0.999982 -0.000000
-0.000103 0.047640 -0.000000 1.000000
-0.007432 -0.999144 -0.040683 0.000000
0.045073 -0.040977 0.998143 0.000000
-0.998956 0.005584 0.045339 -0.000000
-0.120905 -1.012694 -1.431340 1.000000
BoneName: mixamorig:RightHandIndex3
BoneImdex: 43
BoneParentIndex: 42
BoneChildCount: 1
44
1.000000 0.000000 -0.000000 0.000000
0.000000 0.988286 0.152616 0.000000
-0.000000 -0.152616 0.988286 -0.000000
-0.000084 0.044198 -0.000000 1.000000
-0.007432 -0.993649 0.112280 0.000000
0.045073 0.111836 0.992704 0.000000
-0.998956 0.012438 0.043955 -0.000000
-0.120821 -1.262956 -1.253273 1.000000
BoneName: mixamorig:RightHandIndex4
BoneImdex: 44
BoneParentIndex: 43
BoneChildCount: 0
1.000000 0.000000 -0.000000 0.000000
0.000000 1.000000 -0.000000 0.000000
-0.000000 -0.000000 1.000000 -0.000000
0.000187 0.037018 0.000000 1.000000
1.000000 0.000000 0.000000 0.000000
0.000000 1.000000 0.000000 0.000000
0.000000 0.000000 1.000000 0.000000
0.000000 0.000000 0.000000 1.000000
BoneName: mixamorig:RightHandMiddle1
BoneImdex: 45
BoneParentIndex: 36
BoneChildCount: 1
46
0.999936 0.011288 -0.000000 0.000000
-0.011287 0.999828 0.014695 0.000000
0.000166 -0.014694 0.999892 -0.000000
0.018263 0.120303 0.000782 1.000000
-0.031993 -0.997838 0.057405 0.000000
0.046101 0.055900 0.997371 0.000000
-0.998424 0.034556 0.044212 -0.000000
-0.109785 -1.095843 -1.331121 1.000000
BoneName: mixamorig:RightHandMiddle2
BoneImdex: 46
BoneParentIndex: 45
BoneChildCount: 1
47
1.000000 0.000000 -0.000000 0.000000
0.000000 0.993656 -0.112465 0.000000
-0.000000 0.112465 0.993656 -0.000000
0.000196 0.053858 -0.000000 1.000000
-0.031993 -0.997964 -0.055181 0.000000
0.046101 -0.056624 0.997331 0.000000
-0.998424 0.029364 0.047818 -0.000000
-0.109981 -0.992703 -1.451977 1.000000
BoneName: mixamorig:RightHandMiddle3
BoneImdex: 47
BoneParentIndex: 46
BoneChildCount: 1
48
1.000000 0.000000 -0.000000 0.000000
0.000000 0.999811 -0.019424 0.000000
-0.000000 0.019424 0.999811 -0.000000
-0.000083 0.053216 -0.000000 1.000000
-0.031993 -0.996704 -0.074555 0.000000
0.046101 -0.075985 0.996043 0.000000
-0.998424 0.028430 0.048380 -0.000000
-0.109898 -1.017519 -1.472019 1.000000
BoneName: mixamorig:RightHandMiddle4
BoneImdex: 48
BoneParentIndex: 47
BoneChildCount: 0
1.000000 0.000000 -0.000000 0.000000
0.000000 1.000000 -0.000000 0.000000
-0.000000 -0.000000 1.000000 -0.000000
-0.000113 0.045010 -0.000000 1.000000
1.000000 0.000000 0.000000 0.000000
0.000000 1.000000 0.000000 0.000000
0.000000 0.000000 1.000000 0.000000
0.000000 0.000000 0.000000 1.000000
BoneName: mixamorig:RightHandRing1
BoneImdex: 49
BoneParentIndex: 36
BoneChildCount: 1
50
0.999865 -0.016448 -0.000000 0.000000
0.016438 0.999248 -0.035110 0.000000
0.000578 0.035105 0.999383 -0.000000
-0.020919 0.122663 0.003262 1.000000
-0.004287 -0.999962 0.007632 0.000000
0.044939 0.007431 0.998962 0.000000
-0.998981 0.004625 0.044906 -0.000000
-0.040681 -1.032460 -1.386665 1.000000
BoneName: mixamorig:RightHandRing2
BoneImdex: 50
BoneParentIndex: 49
BoneChildCount: 1
51
1.000000 0.000000 -0.000000 0.000000
0.000000 0.999998 -0.001835 0.000000
-0.000000 0.001835 0.999998 -0.000000
0.000084 0.045833 0.000000 1.000000
-0.004287 -0.999974 0.005797 0.000000
0.044939 0.005599 0.998974 0.000000
-0.998981 0.004543 0.044914 -0.000000
-0.040765 -1.075748 -1.388641 1.000000
BoneName: mixamorig:RightHandRing3
BoneImdex: 51
BoneParentIndex: 50
BoneChildCount: 1
52
1.000000 0.000000 -0.000000 0.000000
0.000000 0.985994 -0.166780 0.000000
-0.000000 0.166780 0.985994 -0.000000
0.000083 0.046129 -0.000000 1.000000
-0.004287 -0.986935 -0.161060 0.000000
0.044939 -0.161089 0.985916 0.000000
-0.998981 -0.003012 0.045043 -0.000000
-0.040848 -0.874565 -1.556299 1.000000
BoneName: mixamorig:RightHandRing4
BoneImdex: 52
BoneParentIndex: 51
BoneChildCount: 0
1.000000 0.000000 -0.000000 0.000000
0.000000 1.000000 -0.000000 0.000000
-0.000000 -0.000000 1.000000 -0.000000
-0.000168 0.033589 0.000000 1.000000
1.000000 0.000000 0.000000 0.000000
0.000000 1.000000 0.000000 0.000000
0.000000 0.000000 1.000000 0.000000
0.000000 0.000000 0.000000 1.000000
BoneName: mixamorig:RightHandPinky1
BoneImdex: 53
BoneParentIndex: 36
BoneChildCount: 1
54
0.999720 0.023674 -0.000000 0.000000
-0.023666 0.999373 0.026341 0.000000
0.000624 -0.026334 0.999653 -0.000000
-0.053352 0.114439 -0.002894 1.000000
-0.044361 -0.996629 0.069012 0.000000
0.046608 0.066940 0.996668 0.000000
-0.997928 0.047430 0.043481 -0.000000
-0.051374 -1.105570 -1.314739 1.000000
BoneName: mixamorig:RightHandPinky2
BoneImdex: 54
BoneParentIndex: 53
BoneChildCount: 1
55
1.000000 0.000000 -0.000000 0.000000
0.000000 0.998606 -0.052785 0.000000
-0.000000 0.052785 0.998606 -0.000000
0.000061 0.044775 -0.000000 1.000000
-0.044361 -0.998882 0.016308 0.000000
0.046608 0.014237 0.998812 0.000000
-0.997928 0.045068 0.045924 -0.000000
-0.051435 -1.079342 -1.373628 1.000000
BoneName: mixamorig:RightHandPinky3
BoneImdex: 55
BoneParentIndex: 54
BoneChildCount: 1
56
1.000000 0.000000 -0.000000 0.000000
0.000000 0.999981 0.006166 0.000000
-0.000000 -0.006166 0.999981 -0.000000
-0.000038 0.034979 -0.000000 1.000000
-0.044361 -0.998763 0.022467 0.000000
0.046608 0.020395 0.998705 0.000000
-0.997928 0.045351 0.045645 -0.000000
-0.051396 -1.122768 -1.366731 1.000000
BoneName: mixamorig:RightHandPinky4
BoneImdex: 56
BoneParentIndex: 55
BoneChildCount: 0
1.000000 0.000000 -0.000000 0.000000
0.000000 1.000000 -0.000000 0.000000
-0.000000 -0.000000 1.000000 -0.000000
-0.000022 0.027973 -0.000000 1.000000
1.000000 0.000000 0.000000 0.000000
0.000000 1.000000 0.000000 0.000000
0.000000 0.000000 1.000000 0.000000
0.000000 0.000000 0.000000 1.000000
BoneName: mixamorig:LeftUpLeg
BoneImdex: 57
BoneParentIndex: 2
BoneChildCount: 1
58
-0.994799 -0.101577 0.007592 0.000000
0.101860 -0.992031 0.074150 0.000000
-0.000000 0.074538 0.997218 -0.000000
0.135809 -0.081492 0.017961 1.000000
-0.994799 0.101860 -0.000000 0.000000
-0.101577 -0.992031 0.074538 0.000000
0.007592 0.074150 0.997218 -0.000000
0.206086 0.679409 0.002010 1.000000
BoneName: mixamorig:LeftLeg
BoneImdex: 58
BoneParentIndex: 57
BoneChildCount: 1
59
0.993301 -0.115556 -0.000000 0.000000
0.115555 0.993298 0.002261 0.000000
-0.000261 -0.002246 0.999997 -0.000000
-0.000000 0.360900 0.000000 1.000000
-0.999905 -0.013777 0.000031 0.000000
0.013738 -0.996952 0.076792 0.000000
-0.001027 0.076785 0.997047 -0.000000
0.167899 0.340194 0.001241 1.000000
BoneName: mixamorig:LeftFoot
BoneImdex: 59
BoneParentIndex: 58
BoneChildCount: 1
60
0.996780 0.000000 0.080184 0.000000
0.074480 0.370417 -0.925875 0.000000
-0.029701 0.928865 0.369225 -0.000000
-0.000000 0.267908 0.000000 1.000000
-0.996683 -0.079605 0.016913 0.000000
0.019852 -0.439365 -0.898089 0.000000
0.078923 -0.894774 0.439488 -0.000000
0.167458 0.038132 0.062615 1.000000
BoneName: mixamorig:LeftToeBase
BoneImdex: 60
BoneParentIndex: 59
BoneChildCount: 1
61
0.998786 -0.000000 -0.049254 0.000000
-0.020456 0.909676 -0.414815 0.000000
0.044805 0.415319 0.908572 -0.000000
-0.000000 0.149799 -0.000000 1.000000
-0.996306 -0.059042 -0.062351 0.000000
0.064062 -0.027546 -0.997566 0.000000
0.057181 -0.997875 0.031226 -0.000000
0.164171 -0.130980 0.018016 1.000000
BoneName: mixamorig:LeftToe_End
BoneImdex: 61
BoneParentIndex: 60
BoneChildCount: 0
1.000000 0.000000 -0.000000 0.000000
0.000000 1.000000 -0.000000 0.000000
-0.000000 -0.000000 1.000000 -0.000000
-0.000000 0.059506 -0.000000 1.000000
1.000000 0.000000 0.000000 0.000000
0.000000 1.000000 0.000000 0.000000
0.000000 0.000000 1.000000 0.000000
0.000000 0.000000 0.000000 1.000000
BoneName: mixamorig:RightUpLeg
BoneImdex: 62
BoneParentIndex: 2
BoneChildCount: 1
63
-0.994792 0.101718 -0.006582 0.000000
-0.101931 -0.992715 0.064240 0.000000
-0.000000 0.064576 0.997913 -0.000000
-0.135809 -0.081492 0.022553 1.000000
-0.994792 -0.101931 -0.000000 0.000000
0.101718 -0.992715 0.064576 0.000000
-0.006582 0.064240 0.997913 -0.000000
-0.206098 0.679045 0.004386 1.000000
BoneName: mixamorig:RightLeg
BoneImdex: 63
BoneParentIndex: 62
BoneChildCount: 1
64
0.993293 0.115625 -0.000000 0.000000
-0.115614 0.993203 0.013474 0.000000
0.001558 -0.013384 0.999909 -0.000000
-0.000000 0.360652 0.000000 1.000000
-0.999905 0.013774 -0.000186 0.000000
-0.013747 -0.996857 0.078015 0.000000
0.000890 0.078010 0.996952 -0.000000
-0.167901 0.340117 -0.000197 1.000000
BoneName: mixamorig:RightFoot
BoneImdex: 64
BoneParentIndex: 63
BoneChildCount: 1
65
0.996780 0.000000 -0.080180 0.000000
-0.074484 0.370182 -0.925968 0.000000
0.029681 0.928959 0.368990 -0.000000
0.000000 0.267932 -0.000000 1.000000
-0.996671 0.079747 -0.016951 0.000000
-0.019958 -0.440234 -0.897661 0.000000
-0.079049 -0.894335 0.440360 -0.000000
-0.167345 0.039410 0.062000 1.000000
BoneName: mixamorig:RightToeBase
BoneImdex: 65
BoneParentIndex: 64
BoneChildCount: 1
66
0.998803 0.000000 0.048915 0.000000
0.020351 0.909347 -0.415541 0.000000
-0.044481 0.416039 0.908258 -0.000000
0.000000 0.149521 -0.000000 1.000000
-0.996307 0.059279 0.062115 0.000000
-0.063843 -0.027716 -0.997575 0.000000
-0.057414 -0.997857 0.031398 -0.000000
-0.164112 -0.129299 0.017945 1.000000
BoneName: mixamorig:RightToe_End
BoneImdex: 66
BoneParentIndex: 65
BoneChildCount: 0
1.000000 0.000000 -0.000000 0.000000
0.000000 1.000000 -0.000000 0.000000
-0.000000 -0.000000 1.000000 -0.000000
0.000000 0.059263 -0.000000 1.000000
1.000000 0.000000 0.000000 0.000000
0.000000 1.000000 0.000000 0.000000
0.000000 0.000000 1.000000 0.000000
0.000000 0.000000 0.000000 1.000000
