BoneCount: 79
RootBone: 0
BoneName: RootNode
BoneImdex: 0
BoneParentIndex: -1
BoneChildCount: 2
1
6
1.000000 0.000000 -0.000000 0.000000
0.000000 1.000000 -0.000000 0.000000
-0.000000 -0.000000 1.000000 -0.000000
0.000000 0.000000 -0.000000 1.000000
1.000000 0.000000 0.000000 0.000000
0.000000 1.000000 0.000000 0.000000
0.000000 0.000000 1.000000 0.000000
0.000000 0.000000 0.000000 1.000000
BoneName: arissa:Meshes
BoneImdex: 1
BoneParentIndex: 0
BoneChildCount: 4
2
3
4
5
1.000000 0.000000 -0.000000 0.000000
0.000000 1.000000 -0.000000 0.000000
-0.000000 -0.000000 1.000000 -0.000000
0.000000 0.000000 -0.000000 1.000000
1.000000 0.000000 0.000000 0.000000
0.000000 1.000000 0.000000 0.000000
0.000000 0.000000 1.000000 0.000000
0.000000 0.000000 0.000000 1.000000
BoneName: arissa:Body_Geo
BoneImdex: 2
BoneParentIndex: 1
BoneChildCount: 0
1.000000 0.000000 -0.000000 0.000000
0.000000 1.000000 -0.000000 0.000000
-0.000000 -0.000000 1.000000 -0.000000
0.000000 0.000000 -0.000000 1.000000
1.000000 0.000000 0.000000 0.000000
0.000000 1.000000 0.000000 0.000000
0.000000 0.000000 1.000000 0.000000
0.000000 0.000000 0.000000 1.000000
BoneName: arissa:Cloak_Geo
BoneImdex: 3
BoneParentIndex: 1
BoneChildCount: 0
1.000000 0.000000 -0.000000 0.000000
0.000000 1.000000 -0.000000 0.000000
-0.000000 -0.000000 1.000000 -0.000000
0.000000 0.000000 -0.000000 1.000000
1.000000 0.000000 0.000000 0.000000
0.000000 1.000000 0.000000 0.000000
0.000000 0.000000 1.000000 0.000000
0.000000 0.000000 0.000000 1.000000
BoneName: arissa:Weapons_Geo
BoneImdex: 4
BoneParentIndex: 1
BoneChildCount: 0
1.000000 0.000000 -0.000000 0.000000
0.000000 1.000000 -0.000000 0.000000
-0.000000 -0.000000 1.000000 -0.000000
0.000000 0.000000 -0.000000 1.000000
1.000000 0.000000 0.000000 0.000000
0.000000 1.000000 0.000000 0.000000
0.000000 0.000000 1.000000 0.000000
0.000000 0.000000 0.000000 1.000000
BoneName: arissa:Skirt_Geo
BoneImdex: 5
BoneParentIndex: 1
BoneChildCount: 0
1.000000 0.000000 -0.000000 0.000000
0.000000 1.000000 -0.000000 0.000000
-0.000000 -0.000000 1.000000 -0.000000
0.000000 0.000000 -0.000000 1.000000
1.000000 0.000000 0.000000 0.000000
0.000000 1.000000 0.000000 0.000000
0.000000 0.000000 1.000000 0.000000
0.000000 0.000000 0.000000 1.000000
BoneName: mixamorig:Hips
BoneImdex: 6
BoneParentIndex: 0
BoneChildCount: 3
7
69
74
1.000000 0.000000 -0.000000 0.000000
0.000000 1.000000 -0.000000 0.000000
-0.000000 -0.000000 1.000000 -0.000000
0.000000 0.963794 -0.039855 1.000000
1.000000 -0.000002 0.000000 0.000000
0.000002 1.000000 0.000000 0.000000
-0.000000 0.000000 1.000000 -0.000000
-0.000002 -0.963794 0.039855 1.000000
BoneName: mixamorig:Spine
BoneImdex: 7
BoneParentIndex: 6
BoneChildCount: 1
8
1.000000 -0.000002 0.000000 0.000000
0.000002 0.999948 0.010188 0.000000
-0.000000 -0.010188 0.999948 -0.000000
0.000000 0.092263 -0.015771 1.000000
1.000000 0.000000 0.000000 0.000000
0.000000 0.999948 -0.010188 0.000000
-0.000000 0.010188 0.999948 -0.000000
-0.000000 -1.055436 0.066383 1.000000
BoneName: mixamorig:Spine1
BoneImdex: 8
BoneParentIndex: 7
BoneChildCount: 1
9
1.000000 0.000000 -0.000000 0.000000
0.000000 0.996451 0.084176 0.000000
-0.000000 -0.084176 0.996451 -0.000000
-0.000000 0.162549 -0.000000 1.000000
1.000000 0.000000 0.000000 0.000000
0.000000 0.995542 -0.094324 0.000000
-0.000000 0.094324 0.995542 -0.000000
-0.000000 -1.208074 0.168673 1.000000
BoneName: mixamorig:Spine2
BoneImdex: 9
BoneParentIndex: 8
BoneChildCount: 4
10
14
38
62
1.000000 0.000000 -0.000000 0.000000
0.000000 0.995542 -0.094324 0.000000
-0.000000 0.094324 0.995542 -0.000000
-0.000000 0.137007 -0.000000 1.000000
1.000000 -0.000000 0.000000 0.000000
0.000000 1.000000 -0.000000 0.000000
-0.000000 0.000000 1.000000 -0.000000
0.000000 -1.354994 0.041047 1.000000
BoneName: mixamorig:Neck
BoneImdex: 10
BoneParentIndex: 9
BoneChildCount: 1
11
1.000000 0.000000 -0.000000 0.000000
0.000000 1.000000 -0.000000 0.000000
-0.000000 -0.000000 1.000000 -0.000000
0.000000 0.138775 0.043542 1.000000
1.000000 -0.000000 0.000000 0.000000
0.000000 1.000000 -0.000000 0.000000
-0.000000 0.000000 1.000000 -0.000000
-0.000000 -1.493768 -0.002494 1.000000
BoneName: mixamorig:Neck1
BoneImdex: 11
BoneParentIndex: 10
BoneChildCount: 1
12
1.000000 0.000000 -0.000000 0.000000
0.000000 1.000000 -0.000000 0.000000
-0.000000 -0.000000 1.000000 -0.000000
0.000000 0.043400 -0.009269 1.000000
1.000000 -0.000000 0.000000 0.000000
0.000000 1.000000 -0.000000 0.000000
-0.000000 0.000000 1.000000 -0.000000
-0.000000 -1.537169 0.006775 1.000000
BoneName: mixamorig:Head
BoneImdex: 12
BoneParentIndex: 11
BoneChildCount: 1
13
1.000000 0.000000 -0.000000 0.000000
0.000000 1.000000 -0.000000 0.000000
-0.000000 -0.000000 1.000000 -0.000000
0.000000 0.040266 -0.008585 1.000000
1.000000 -0.000000 0.000000 0.000000
0.000000 1.000000 -0.000000 0.000000
-0.000000 0.000000 1.000000 -0.000000
-0.000000 -1.577435 0.015360 1.000000
BoneName: mixamorig:HeadTop_End
BoneImdex: 13
BoneParentIndex: 12
BoneChildCount: 0
1.000000 0.000000 -0.000000 0.000000
0.000000 1.000000 -0.000000 0.000000
-0.000000 -0.000000 1.000000 -0.000000
0.000000 0.217488 0.042018 1.000000
1.000000 -0.000000 0.000000 0.000000
0.000000 1.000000 -0.000000 0.000000
-0.000000 0.000000 1.000000 -0.000000
-0.000000 -1.794923 -0.026658 1.000000
BoneName: mixamorig:LeftShoulder
BoneImdex: 14
BoneParentIndex: 9
BoneChildCount: 1
15
-0.002448 -0.000000 0.999997 0.000000
0.992635 -0.121122 0.002430 0.000000
0.121122 0.992638 0.000296 -0.000000
0.061483 0.101740 0.055646 1.000000
-0.002448 0.992635 0.121122 0.000000
-0.000000 -0.121122 0.992638 0.000000
0.999997 0.002430 0.000296 -0.000000
-0.014448 0.115377 -1.453460 1.000000
BoneName: mixamorig:LeftArm
BoneImdex: 15
BoneParentIndex: 14
BoneChildCount: 1
16
0.999997 0.002430 0.000296 0.000000
-0.002448 0.992635 0.121119 0.000000
-0.000000 -0.121119 0.992638 -0.000000
-0.000000 0.090819 -0.000000 1.000000
0.000000 1.000000 0.000003 0.000000
-0.000000 -0.000003 1.000000 0.000000
1.000000 -0.000000 -0.000000 -0.000000
-0.014820 -0.151629 -1.445735 1.000000
BoneName: mixamorig:LeftForeArm
BoneImdex: 16
BoneParentIndex: 15
BoneChildCount: 1
17
1.000000 0.000000 -0.000000 0.000000
0.000000 1.000000 -0.000000 0.000000
-0.000000 -0.000000 1.000000 -0.000000
-0.000000 0.276870 0.000000 1.000000
0.000000 1.000000 0.000003 0.000000
-0.000000 -0.000003 1.000000 0.000000
1.000000 -0.000000 -0.000000 -0.000000
-0.014820 -0.428499 -1.445735 1.000000
BoneName: mixamorig:LeftHand
BoneImdex: 17
BoneParentIndex: 16
BoneChildCount: 5
18
22
26
30
34
1.000000 0.000000 -0.000000 0.000000
0.000000 1.000000 -0.000000 0.000000
-0.000000 -0.000000 1.000000 -0.000000
0.000000 0.278738 -0.000000 1.000000
0.000000 1.000000 0.000003 0.000000
-0.000000 -0.000003 1.000000 0.000000
1.000000 -0.000000 -0.000000 -0.000000
-0.014820 -0.707237 -1.445734 1.000000
BoneName: mixamorig:LeftHandThumb1
BoneImdex: 18
BoneParentIndex: 17
BoneChildCount: 1
19
0.767536 0.605524 -0.210309 0.000000
-0.641006 0.725050 -0.251822 0.000000
-0.000000 0.328091 0.944646 -0.000000
-0.025137 0.025178 -0.009365 1.000000
0.605523 0.725049 0.328094 0.000000
-0.210310 -0.251824 0.944645 0.000000
0.767536 -0.641006 -0.000000 -0.000000
-0.133495 -0.175941 -1.597160 1.000000
BoneName: mixamorig:LeftHandThumb2
BoneImdex: 19
BoneParentIndex: 18
BoneChildCount: 1
20
0.982371 -0.164701 0.088435 0.000000
0.150469 0.977359 0.148760 0.000000
-0.110933 -0.132830 0.984911 -0.000000
-0.000000 0.045636 0.000000 1.000000
0.504447 0.848552 0.159662 0.000000
-0.081588 -0.137243 0.987172 0.000000
0.859579 -0.511002 0.000000 -0.000000
-0.235892 -0.474240 -1.528819 1.000000
BoneName: mixamorig:LeftHandThumb3
BoneImdex: 20
BoneParentIndex: 19
BoneChildCount: 1
21
0.981165 0.126901 -0.145641 0.000000
-0.152489 0.971651 -0.180671 0.000000
0.118585 0.199477 0.972701 -0.000000
0.000000 0.033327 0.000000 1.000000
0.579375 0.718728 0.384390 0.000000
-0.241240 -0.299264 0.923171 0.000000
0.778542 -0.627592 -0.000000 -0.000000
-0.073201 -0.180993 -1.616304 1.000000
BoneName: mixamorig:LeftHandThumb4
BoneImdex: 21
BoneParentIndex: 20
BoneChildCount: 0
0.980966 0.000000 0.194178 0.000000
-0.000000 1.000000 0.000000 0.000000
-0.194178 -0.000000 0.980966 -0.000000
0.000000 0.027056 -0.000000 1.000000
0.642987 0.718728 0.264572 0.000000
-0.057389 -0.299264 0.952443 0.000000
0.763724 -0.627592 -0.151176 -0.000000
-0.385657 -0.208050 -1.571326 1.000000
BoneName: mixamorig:LeftHandIndex1
BoneImdex: 22
BoneParentIndex: 17
BoneChildCount: 1
23
0.999906 0.013724 0.000000 0.000000
-0.013724 0.999906 0.000003 0.000000
-0.000000 -0.000003 1.000000 -0.000000
-0.027611 0.100724 0.004898 1.000000
0.013724 0.999906 0.000000 0.000000
-0.000000 -0.000000 1.000000 0.000000
0.999906 -0.013724 -0.000000 -0.000000
0.001701 -0.808064 -1.450630 1.000000
BoneName: mixamorig:LeftHandIndex2
BoneImdex: 23
BoneParentIndex: 22
BoneChildCount: 1
24
0.999906 -0.013724 -0.000000 0.000000
0.013709 0.998781 -0.047416 0.000000
0.000651 0.047412 0.998875 -0.000000
0.000000 0.037344 -0.000000 1.000000
0.000000 0.998875 0.047416 0.000000
-0.000000 -0.047416 0.998875 0.000000
1.000000 -0.000000 -0.000000 -0.000000
0.013304 -0.775572 -1.489079 1.000000
BoneName: mixamorig:LeftHandIndex3
BoneImdex: 24
BoneParentIndex: 23
BoneChildCount: 1
25
1.000000 0.000004 0.000000 0.000000
-0.000004 0.998875 0.047414 0.000000
0.000000 -0.047414 0.998875 -0.000000
-0.000000 0.028770 0.000000 1.000000
0.000004 1.000000 0.000002 0.000000
-0.000000 -0.000002 1.000000 0.000000
1.000000 -0.000004 0.000000 -0.000000
0.013300 -0.874040 -1.449267 1.000000
BoneName: mixamorig:LeftHandIndex4
BoneImdex: 25
BoneParentIndex: 24
BoneChildCount: 0
1.000000 0.000000 -0.000000 0.000000
0.000000 1.000000 -0.000000 0.000000
-0.000000 -0.000000 1.000000 -0.000000
-0.000000 0.023343 -0.000000 1.000000
0.000004 1.000000 0.000002 0.000000
-0.000000 -0.000002 1.000000 0.000000
1.000000 -0.000004 0.000000 -0.000000
0.013300 -0.897384 -1.449267 1.000000
BoneName: mixamorig:LeftHandMiddle1
BoneImdex: 26
BoneParentIndex: 17
BoneChildCount: 1
27
0.999869 0.016195 -0.000192 0.000000
-0.016196 0.999798 -0.011882 0.000000
0.000000 0.011883 0.999929 -0.000000
-0.009782 0.101948 0.007183 1.000000
0.016195 0.999798 0.011886 0.000000
-0.000193 -0.011884 0.999929 0.000000
0.999869 -0.016196 0.000000 -0.000000
-0.017862 -0.791677 -1.462431 1.000000
BoneName: mixamorig:LeftHandMiddle2
BoneImdex: 27
BoneParentIndex: 26
BoneChildCount: 1
28
0.999898 -0.014278 -0.000129 0.000000
0.014238 0.997654 -0.066962 0.000000
0.001085 0.066953 0.997756 -0.000000
0.000000 0.039609 -0.000000 1.000000
0.001916 0.996887 0.078817 0.000000
-0.000152 -0.078816 0.996889 0.000000
0.999998 -0.001922 -0.000000 -0.000000
-0.005803 -0.731663 -1.514825 1.000000
BoneName: mixamorig:LeftHandMiddle3
BoneImdex: 28
BoneParentIndex: 27
BoneChildCount: 1
29
0.999998 -0.001915 0.000001 0.000000
0.001909 0.996888 0.078813 0.000000
-0.000152 -0.078813 0.996889 -0.000000
0.000000 0.028689 0.000000 1.000000
0.000008 1.000000 0.000003 0.000000
-0.000000 -0.000003 1.000000 0.000000
1.000000 -0.000008 0.000000 -0.000000
-0.004348 -0.877385 -1.450187 1.000000
BoneName: mixamorig:LeftHandMiddle4
BoneImdex: 29
BoneParentIndex: 28
BoneChildCount: 0
1.000000 0.000000 -0.000000 0.000000
0.000000 1.000000 -0.000000 0.000000
-0.000000 -0.000000 1.000000 -0.000000
0.000000 0.027520 -0.000000 1.000000
0.000008 1.000000 0.000003 0.000000
-0.000000 -0.000003 1.000000 0.000000
1.000000 -0.000008 0.000000 -0.000000
-0.004348 -0.904906 -1.450187 1.000000
BoneName: mixamorig:LeftHandRing1
BoneImdex: 30
BoneParentIndex: 17
BoneChildCount: 1
31
0.999993 -0.003805 0.000196 0.000000
0.003810 0.998670 -0.051412 0.000000
0.000000 0.051413 0.998677 -0.000000
0.009586 0.099302 0.005921 1.000000
-0.003805 0.998670 0.051416 0.000000
0.000196 -0.051415 0.998677 0.000000
0.999993 0.003810 -0.000000 -0.000000
-0.021621 -0.730926 -1.491202 1.000000
BoneName: mixamorig:LeftHandRing2
BoneImdex: 31
BoneParentIndex: 30
BoneChildCount: 1
32
0.999982 -0.005934 -0.000050 0.000000
0.005934 0.999969 0.005166 0.000000
0.000020 -0.005166 0.999987 -0.000000
-0.000000 0.038697 -0.000000 1.000000
-0.009734 0.998882 0.046256 0.000000
0.000451 -0.046254 0.998930 0.000000
0.999952 0.009744 0.000000 -0.000000
-0.016979 -0.777430 -1.487207 1.000000
BoneName: mixamorig:LeftHandRing3
BoneImdex: 32
BoneParentIndex: 31
BoneChildCount: 1
33
0.999953 0.009724 -0.000001 0.000000
-0.009713 0.998882 0.046255 0.000000
0.000451 -0.046253 0.998930 -0.000000
0.000000 0.029153 0.000000 1.000000
-0.000021 1.000000 0.000001 0.000000
0.000000 -0.000001 1.000000 0.000000
1.000000 0.000021 -0.000000 -0.000000
-0.024819 -0.874307 -1.448316 1.000000
BoneName: mixamorig:LeftHandRing4
BoneImdex: 33
BoneParentIndex: 32
BoneChildCount: 0
1.000000 0.000000 -0.000000 0.000000
0.000000 1.000000 -0.000000 0.000000
-0.000000 -0.000000 1.000000 -0.000000
0.000000 0.022807 -0.000000 1.000000
-0.000021 1.000000 0.000001 0.000000
0.000000 -0.000001 1.000000 0.000000
1.000000 0.000021 -0.000000 -0.000000
-0.024819 -0.897115 -1.448316 1.000000
BoneName: mixamorig:LeftHandPinky1
BoneImdex: 34
BoneParentIndex: 17
BoneChildCount: 1
35
0.999985 0.005425 -0.000134 0.000000
-0.005427 0.999682 -0.024625 0.000000
0.000000 0.024625 0.999697 -0.000000
0.025525 0.096780 -0.001189 1.000000
0.005425 0.999682 0.024628 0.000000
-0.000134 -0.024628 0.999697 0.000000
0.999985 -0.005427 0.000000 -0.000000
-0.044513 -0.767970 -1.463906 1.000000
BoneName: mixamorig:LeftHandPinky2
BoneImdex: 35
BoneParentIndex: 34
BoneChildCount: 1
36
0.999995 0.003077 0.000002 0.000000
-0.003077 0.999995 0.001106 0.000000
0.000002 -0.001106 0.999999 -0.000000
0.000000 0.030948 -0.000000 1.000000
0.008501 0.999687 0.023522 0.000000
-0.000208 -0.023521 0.999723 0.000000
0.999964 -0.008503 0.000008 -0.000000
-0.046973 -0.800397 -1.463021 1.000000
BoneName: mixamorig:LeftHandPinky3
BoneImdex: 36
BoneParentIndex: 35
BoneChildCount: 1
37
0.999964 -0.008499 0.000008 0.000000
0.008496 0.999687 0.023520 0.000000
-0.000208 -0.023519 0.999723 -0.000000
-0.000000 0.027233 0.000000 1.000000
0.000005 1.000000 0.000003 0.000000
-0.000000 -0.000003 1.000000 0.000000
1.000000 -0.000005 0.000000 -0.000000
-0.039949 -0.862180 -1.443142 1.000000
BoneName: mixamorig:LeftHandPinky4
BoneImdex: 37
BoneParentIndex: 36
BoneChildCount: 0
1.000000 0.000000 -0.000000 0.000000
0.000000 1.000000 -0.000000 0.000000
-0.000000 -0.000000 1.000000 -0.000000
-0.000000 0.016595 -0.000000 1.000000
0.000005 1.000000 0.000003 0.000000
-0.000000 -0.000003 1.000000 0.000000
1.000000 -0.000005 0.000000 -0.000000
-0.039949 -0.878775 -1.443142 1.000000
BoneName: mixamorig:RightShoulder
BoneImdex: 38
BoneParentIndex: 9
BoneChildCount: 1
39
-0.002448 -0.000000 -0.999997 0.000000
-0.992635 -0.121117 0.002430 0.000000
-0.121117 0.992638 0.000296 -0.000000
-0.061480 0.101740 0.055646 1.000000
-0.002448 -0.992635 -0.121117 0.000000
0.000000 -0.121117 0.992638 0.000000
-0.999997 0.002430 0.000296 -0.000000
0.014448 0.115373 -1.453460 1.000000
BoneName: mixamorig:RightArm
BoneImdex: 39
BoneParentIndex: 38
BoneChildCount: 1
40
0.999997 -0.002431 -0.000297 0.000000
0.002449 0.992620 0.121242 0.000000
-0.000000 -0.121242 0.992623 -0.000000
0.000000 0.090822 0.000000 1.000000
0.000001 -1.000000 0.000126 0.000000
0.000000 0.000126 1.000000 0.000000
-1.000000 -0.000001 0.000000 -0.000000
0.014820 -0.151814 -1.445715 1.000000
BoneName: mixamorig:RightForeArm
BoneImdex: 40
BoneParentIndex: 39
BoneChildCount: 1
41
1.000000 -0.000002 -0.000000 0.000000
0.000002 1.000000 -0.000250 0.000000
0.000000 0.000250 1.000000 -0.000000
0.000000 0.276870 0.000000 1.000000
0.000003 -1.000000 -0.000125 0.000000
-0.000000 -0.000125 1.000000 0.000000
-1.000000 -0.000003 -0.000000 -0.000000
0.014821 -0.428322 -1.445822 1.000000
BoneName: mixamorig:RightHand
BoneImdex: 41
BoneParentIndex: 40
BoneChildCount: 5
42
46
50
54
58
1.000000 0.000000 -0.000000 0.000000
0.000000 1.000000 -0.000000 0.000000
-0.000000 -0.000000 1.000000 -0.000000
0.000000 0.278738 -0.000000 1.000000
0.000003 -1.000000 -0.000125 0.000000
-0.000000 -0.000125 1.000000 0.000000
-1.000000 -0.000003 -0.000000 -0.000000
0.014821 -0.707060 -1.445822 1.000000
BoneName: mixamorig:RightHandThumb1
BoneImdex: 42
BoneParentIndex: 41
BoneChildCount: 1
43
0.767536 -0.605548 0.210235 0.000000
0.641005 0.725081 -0.251734 0.000000
-0.000001 0.327977 0.944686 -0.000000
0.025137 0.025179 -0.009363 1.000000
0.605524 -0.725048 -0.328095 0.000000
0.210311 -0.251824 0.944645 0.000000
-0.767535 -0.641007 0.000000 -0.000000
0.133494 -0.175940 -1.597160 1.000000
BoneName: mixamorig:RightHandThumb2
BoneImdex: 43
BoneParentIndex: 42
BoneChildCount: 1
44
0.982371 0.164701 -0.088435 0.000000
-0.150469 0.977359 0.148760 0.000000
0.110934 -0.132831 0.984911 -0.000000
-0.000000 0.045636 -0.000000 1.000000
0.504449 -0.848551 -0.159663 0.000000
0.081588 -0.137242 0.987172 0.000000
-0.859578 -0.511004 -0.000000 -0.000000
0.235891 -0.474240 -1.528819 1.000000
BoneName: mixamorig:RightHandThumb3
BoneImdex: 44
BoneParentIndex: 43
BoneChildCount: 1
45
0.982457 0.097703 0.158850 0.000000
-0.042832 0.947225 -0.317696 0.000000
-0.181507 0.305319 0.934792 -0.000000
-0.000000 0.033327 -0.000000 1.000000
0.387330 -0.774651 -0.499891 0.000000
0.223560 -0.447115 0.866089 0.000000
-0.894425 -0.447218 0.000000 -0.000000
-0.060691 -0.005183 -1.626913 1.000000
BoneName: mixamorig:RightHandThumb4
BoneImdex: 45
BoneParentIndex: 44
BoneChildCount: 0
0.963071 0.000000 -0.269246 0.000000
-0.000000 1.000000 -0.000000 0.000000
0.269246 0.000000 0.963071 -0.000000
0.000000 0.026534 0.000000 1.000000
0.507620 -0.774651 -0.377143 0.000000
-0.017887 -0.447115 0.894298 0.000000
-0.861395 -0.447218 -0.240820 -0.000000
0.379590 -0.031718 -1.583174 1.000000
BoneName: mixamorig:RightHandIndex1
BoneImdex: 46
BoneParentIndex: 41
BoneChildCount: 1
47
0.999906 -0.013723 -0.000002 0.000000
0.013723 0.999906 0.000125 0.000000
-0.000000 -0.000125 1.000000 -0.000000
0.027611 0.100724 0.004908 1.000000
0.013726 -0.999906 0.000000 0.000000
-0.000000 0.000000 1.000000 0.000000
-0.999906 -0.013726 0.000000 -0.000000
-0.001701 -0.808064 -1.450630 1.000000
BoneName: mixamorig:RightHandIndex2
BoneImdex: 47
BoneParentIndex: 46
BoneChildCount: 1
48
0.999906 0.013724 0.000000 0.000000
-0.013709 0.998781 -0.047416 0.000000
-0.000651 0.047411 0.998875 -0.000000
-0.000000 0.037344 0.000000 1.000000
0.000002 -0.998875 -0.047416 0.000000
0.000000 -0.047416 0.998875 0.000000
-1.000000 -0.000002 -0.000000 -0.000000
-0.013304 -0.775572 -1.489079 1.000000
BoneName: mixamorig:RightHandIndex3
BoneImdex: 48
BoneParentIndex: 47
BoneChildCount: 1
49
1.000000 -0.000018 -0.000000 0.000000
0.000018 0.998869 0.047543 0.000000
-0.000000 -0.047543 0.998869 -0.000000
0.000000 0.028770 -0.000000 1.000000
0.000019 -1.000000 0.000127 0.000000
0.000001 0.000127 1.000000 0.000000
-1.000000 -0.000019 0.000001 -0.000000
-0.013289 -0.874227 -1.449154 1.000000
BoneName: mixamorig:RightHandIndex4
BoneImdex: 49
BoneParentIndex: 48
BoneChildCount: 0
1.000000 0.000000 -0.000000 0.000000
0.000000 1.000000 -0.000000 0.000000
-0.000000 -0.000000 1.000000 -0.000000
0.000000 0.023636 -0.000000 1.000000
0.000019 -1.000000 0.000127 0.000000
0.000000 0.000127 1.000000 0.000000
-1.000000 -0.000019 0.000000 -0.000000
-0.013288 -0.897863 -1.449155 1.000000
BoneName: mixamorig:RightHandMiddle1
BoneImdex: 50
BoneParentIndex: 41
BoneChildCount: 1
51
0.999869 -0.016194 0.000191 0.000000
0.016195 0.999800 -0.011760 0.000000
-0.000000 0.011761 0.999931 -0.000000
0.009782 0.101947 0.007194 1.000000
0.016197 -0.999798 -0.011886 0.000000
0.000193 -0.011884 0.999929 0.000000
-0.999869 -0.016198 0.000000 -0.000000
0.017863 -0.791677 -1.462431 1.000000
BoneName: mixamorig:RightHandMiddle2
BoneImdex: 51
BoneParentIndex: 50
BoneChildCount: 1
52
0.999898 0.014278 0.000129 0.000000
-0.014238 0.997654 -0.066962 0.000000
-0.001085 0.066953 0.997756 -0.000000
-0.000000 0.039609 0.000000 1.000000
0.001918 -0.996887 -0.078816 0.000000
0.000152 -0.078816 0.996889 0.000000
-0.999998 -0.001924 -0.000000 -0.000000
0.005803 -0.731663 -1.514825 1.000000
BoneName: mixamorig:RightHandMiddle3
BoneImdex: 52
BoneParentIndex: 51
BoneChildCount: 1
53
0.999998 0.001916 -0.000001 0.000000
-0.001910 0.996877 0.078942 0.000000
0.000152 -0.078942 0.996879 -0.000000
0.000000 0.028689 -0.000000 1.000000
0.000009 -1.000000 0.000126 0.000000
-0.000000 0.000126 1.000000 0.000000
-1.000000 -0.000009 0.000000 -0.000000
0.004348 -0.877573 -1.450073 1.000000
BoneName: mixamorig:RightHandMiddle4
BoneImdex: 53
BoneParentIndex: 52
BoneChildCount: 0
1.000000 0.000000 -0.000000 0.000000
0.000000 1.000000 -0.000000 0.000000
-0.000000 -0.000000 1.000000 -0.000000
-0.000000 0.026915 0.000000 1.000000
0.000009 -1.000000 0.000126 0.000000
-0.000000 0.000126 1.000000 0.000000
-1.000000 -0.000009 0.000000 -0.000000
0.004348 -0.904489 -1.450073 1.000000
BoneName: mixamorig:RightHandRing1
BoneImdex: 54
BoneParentIndex: 41
BoneChildCount: 1
55
0.999993 0.003806 -0.000195 0.000000
-0.003811 0.998676 -0.051291 0.000000
-0.000000 0.051291 0.998684 -0.000000
-0.009586 0.099301 0.005932 1.000000
-0.003804 -0.998670 -0.051416 0.000000
-0.000196 -0.051415 0.998677 0.000000
-0.999993 0.003809 -0.000000 -0.000000
0.021621 -0.730926 -1.491202 1.000000
BoneName: mixamorig:RightHandRing2
BoneImdex: 55
BoneParentIndex: 54
BoneChildCount: 1
56
0.999982 0.005934 0.000050 0.000000
-0.005934 0.999969 0.005166 0.000000
-0.000020 -0.005166 0.999987 -0.000000
-0.000000 0.038697 -0.000000 1.000000
-0.009732 -0.998882 -0.046256 0.000000
-0.000451 -0.046254 0.998930 0.000000
-0.999953 0.009742 0.000000 -0.000000
0.016979 -0.777430 -1.487207 1.000000
BoneName: mixamorig:RightHandRing3
BoneImdex: 56
BoneParentIndex: 55
BoneChildCount: 1
57
0.999953 -0.009731 0.000001 0.000000
0.009720 0.998876 0.046384 0.000000
-0.000452 -0.046382 0.998924 -0.000000
0.000000 0.029153 -0.000000 1.000000
-0.000012 -1.000000 0.000128 0.000000
0.000000 0.000128 1.000000 0.000000
-1.000000 0.000012 0.000000 -0.000000
0.024826 -0.874494 -1.448204 1.000000
BoneName: mixamorig:RightHandRing4
BoneImdex: 57
BoneParentIndex: 56
BoneChildCount: 0
1.000000 0.000000 -0.000000 0.000000
0.000000 1.000000 -0.000000 0.000000
-0.000000 -0.000000 1.000000 -0.000000
-0.000000 0.023532 -0.000000 1.000000
-0.000012 -1.000000 0.000128 0.000000
0.000000 0.000128 1.000000 0.000000
-1.000000 0.000012 0.000000 -0.000000
0.024826 -0.898026 -1.448204 1.000000
BoneName: mixamorig:RightHandPinky1
BoneImdex: 58
BoneParentIndex: 41
BoneChildCount: 1
59
0.999985 -0.005424 0.000133 0.000000
0.005426 0.999685 -0.024503 0.000000
-0.000000 0.024503 0.999700 -0.000000
-0.025525 0.096780 -0.001179 1.000000
0.005427 -0.999682 -0.024628 0.000000
0.000134 -0.024628 0.999697 0.000000
-0.999985 -0.005428 -0.000000 -0.000000
0.044513 -0.767970 -1.463906 1.000000
BoneName: mixamorig:RightHandPinky2
BoneImdex: 59
BoneParentIndex: 58
BoneChildCount: 1
60
0.999995 -0.003077 -0.000002 0.000000
0.003077 0.999995 0.001106 0.000000
-0.000002 -0.001106 0.999999 -0.000000
-0.000000 0.030948 0.000000 1.000000
0.008502 -0.999687 -0.023522 0.000000
0.000208 -0.023521 0.999723 0.000000
-0.999964 -0.008505 0.000008 -0.000000
0.046973 -0.800397 -1.463021 1.000000
BoneName: mixamorig:RightHandPinky3
BoneImdex: 60
BoneParentIndex: 59
BoneChildCount: 1
61
0.999964 0.008501 -0.000008 0.000000
-0.008498 0.999684 0.023649 0.000000
0.000209 -0.023648 0.999720 -0.000000
-0.000000 0.027233 -0.000000 1.000000
0.000004 -1.000000 0.000127 0.000000
-0.000000 0.000127 1.000000 0.000000
-1.000000 -0.000004 0.000000 -0.000000
0.039948 -0.862367 -1.443030 1.000000
BoneName: mixamorig:RightHandPinky4
BoneImdex: 61
BoneParentIndex: 60
BoneChildCount: 0
1.000000 0.000000 -0.000000 0.000000
0.000000 1.000000 -0.000000 0.000000
-0.000000 -0.000000 1.000000 -0.000000
0.000000 0.016121 -0.000000 1.000000
0.000004 -1.000000 0.000127 0.000000
-0.000000 0.000127 1.000000 0.000000
-1.000000 -0.000004 0.000000 -0.000000
0.039948 -0.878488 -1.443030 1.000000
BoneName: mixamorig:Cloak1
BoneImdex: 62
BoneParentIndex: 9
BoneChildCount: 1
63
1.000000 0.000000 -0.000000 0.000000
0.000000 -0.991730 -0.128342 0.000000
-0.000000 0.128342 -0.991730 -0.000000
0.000000 -0.104650 0.182776 1.000000
1.000000 -0.000000 -0.000000 0.000000
0.000000 -0.991730 0.128342 0.000000
-0.000000 -0.128342 -0.991730 -0.000000
-0.000000 1.258194 -0.019914 1.000000
BoneName: mixamorig:Cloak2
BoneImdex: 63
BoneParentIndex: 62
BoneChildCount: 1
64
1.000000 0.000000 -0.000000 0.000000
0.000000 0.993746 -0.111668 0.000000
-0.000000 0.111668 0.993746 -0.000000
-0.000000 0.175141 0.000000 1.000000
1.000000 -0.000000 -0.000000 0.000000
0.000000 -0.999859 0.016794 0.000000
-0.000000 -0.016794 -0.999859 -0.000000
-0.000000 1.078502 0.101153 1.000000
BoneName: mixamorig:Cloak3
BoneImdex: 64
BoneParentIndex: 63
BoneChildCount: 1
65
1.000000 0.000000 -0.000000 0.000000
0.000000 1.000000 0.000018 0.000000
-0.000000 -0.000018 1.000000 -0.000000
-0.000000 0.183801 -0.000000 1.000000
1.000000 -0.000000 -0.000000 0.000000
0.000000 -0.999859 0.016812 0.000000
-0.000000 -0.016812 -0.999859 -0.000000
0.000000 0.894703 0.101137 1.000000
BoneName: mixamorig:Cloak4
BoneImdex: 65
BoneParentIndex: 64
BoneChildCount: 1
66
1.000000 0.000000 -0.000000 0.000000
0.000000 0.999712 -0.023985 0.000000
-0.000000 0.023985 0.999712 -0.000000
-0.000000 0.186449 -0.000000 1.000000
1.000000 0.000000 -0.000000 0.000000
0.000000 -0.999974 -0.007175 0.000000
-0.000000 0.007175 -0.999974 -0.000000
0.000000 0.705624 0.118095 1.000000
BoneName: mixamorig:Cloak5
BoneImdex: 66
BoneParentIndex: 65
BoneChildCount: 1
67
1.000000 0.000000 -0.000000 0.000000
0.000000 0.999916 -0.012970 0.000000
-0.000000 0.012970 0.999916 -0.000000
-0.000000 0.164884 -0.000000 1.000000
1.000000 0.000000 -0.000000 0.000000
0.000000 -0.999797 -0.020144 0.000000
-0.000000 0.020144 -0.999797 -0.000000
0.000000 0.539163 0.125099 1.000000
BoneName: mixamorig:Cloak6
BoneImdex: 67
BoneParentIndex: 66
BoneChildCount: 1
68
1.000000 0.000000 -0.000000 0.000000
0.000000 0.999939 0.011054 0.000000
-0.000000 -0.011054 0.999939 -0.000000
-0.000000 0.158238 -0.000000 1.000000
1.000000 0.000000 -0.000000 0.000000
0.000000 -0.999959 -0.009091 0.000000
-0.000000 0.009091 -0.999959 -0.000000
0.000000 0.382284 0.120880 1.000000
BoneName: mixamorig:Cloak7
BoneImdex: 68
BoneParentIndex: 67
BoneChildCount: 0
1.000000 0.000000 -0.000000 0.000000
0.000000 1.000000 -0.000000 0.000000
-0.000000 -0.000000 1.000000 -0.000000
-0.000000 0.213297 -0.000000 1.000000
1.000000 0.000000 -0.000000 0.000000
0.000000 -0.999959 -0.009091 0.000000
-0.000000 0.009091 -0.999959 -0.000000
0.000000 0.168988 0.120880 1.000000
BoneName: mixamorig:LeftUpLeg
BoneImdex: 69
BoneParentIndex: 6
BoneChildCount: 1
70
-1.000000 0.000002 -0.000000 0.000000
-0.000002 -0.999794 0.020286 0.000000
0.000000 0.020286 0.999794 -0.000000
0.096338 -0.032733 0.000000 1.000000
-1.000000 0.000000 0.000000 0.000000
0.000000 -0.999794 0.020286 0.000000
0.000000 0.020286 0.999794 -0.000000
0.096338 0.931678 0.020960 1.000000
BoneName: mixamorig:LeftLeg
BoneImdex: 70
BoneParentIndex: 69
BoneChildCount: 1
71
1.000000 0.000319 -0.000006 0.000000
-0.000318 0.999721 0.023626 0.000000
0.000014 -0.023626 0.999721 -0.000000
0.000000 0.413659 0.000000 1.000000
-1.000000 0.000318 -0.000014 0.000000
-0.000319 -0.999036 0.043901 0.000000
0.000000 0.043901 0.999036 -0.000000
0.096503 0.518340 0.008716 1.000000
BoneName: mixamorig:LeftFoot
BoneImdex: 71
BoneParentIndex: 70
BoneChildCount: 1
72
0.999902 -0.006691 0.012268 0.000000
0.012697 0.801680 -0.597618 0.000000
-0.005836 0.597716 0.801687 -0.000000
-0.000000 0.396002 0.000000 1.000000
-0.999905 -0.012434 0.006015 0.000000
0.006905 -0.827147 -0.561943 0.000000
0.011963 -0.561847 0.827154 -0.000000
0.095782 0.094091 0.079547 1.000000
BoneName: mixamorig:LeftToeBase
BoneImdex: 72
BoneParentIndex: 71
BoneChildCount: 1
73
0.999974 0.004451 0.005739 0.000000
0.002245 0.562025 -0.827117 0.000000
-0.006907 0.827108 0.562000 -0.000000
0.000000 0.147411 0.000000 1.000000
-0.999899 -0.014208 0.000003 0.000000
-0.000002 -0.000070 -1.000000 0.000000
0.014208 -0.999899 0.000070 -0.000000
0.095998 -0.095547 -0.000057 1.000000
BoneName: mixamorig:LeftToe_End
BoneImdex: 73
BoneParentIndex: 72
BoneChildCount: 0
1.000000 0.000000 -0.000000 0.000000
0.000000 1.000000 -0.000000 0.000000
-0.000000 -0.000000 1.000000 -0.000000
0.000000 0.142803 -0.000000 1.000000
-0.999899 -0.014208 0.000003 0.000000
-0.000002 -0.000070 -1.000000 0.000000
0.014208 -0.999899 0.000070 -0.000000
0.095998 -0.238350 -0.000057 1.000000
BoneName: mixamorig:RightUpLeg
BoneImdex: 74
BoneParentIndex: 6
BoneChildCount: 1
75
-1.000000 0.000002 -0.000000 0.000000
-0.000002 -0.999794 0.020286 0.000000
0.000000 0.020286 0.999794 -0.000000
-0.096338 -0.032732 -0.000000 1.000000
-1.000000 0.000000 0.000000 0.000000
0.000000 -0.999794 0.020286 0.000000
0.000000 0.020286 0.999794 -0.000000
-0.096338 0.931678 0.020960 1.000000
BoneName: mixamorig:RightLeg
BoneImdex: 75
BoneParentIndex: 74
BoneChildCount: 1
76
1.000000 0.000319 -0.000006 0.000000
-0.000318 0.999721 0.023626 0.000000
0.000014 -0.023626 0.999721 -0.000000
0.000000 0.413659 0.000000 1.000000
-1.000000 0.000318 -0.000014 0.000000
-0.000319 -0.999036 0.043901 0.000000
0.000000 0.043901 0.999036 -0.000000
-0.096173 0.518401 0.008714 1.000000
BoneName: mixamorig:RightFoot
BoneImdex: 76
BoneParentIndex: 75
BoneChildCount: 1
77
0.999902 -0.006692 0.012270 0.000000
0.012699 0.801680 -0.597618 0.000000
-0.005837 0.597716 0.801687 -0.000000
-0.000000 0.396002 0.000000 1.000000
-0.999905 -0.012435 0.006016 0.000000
0.006906 -0.827147 -0.561943 0.000000
0.011964 -0.561847 0.827154 -0.000000
-0.096876 0.091696 0.080706 1.000000
BoneName: mixamorig:RightToeBase
BoneImdex: 77
BoneParentIndex: 76
BoneChildCount: 1
78
0.999634 0.020403 -0.017745 0.000000
-0.026144 0.561655 -0.826959 0.000000
-0.006906 0.827120 0.561983 -0.000000
0.000000 0.147411 0.000000 1.000000
-0.999899 0.014182 0.000001 0.000000
-0.000002 -0.000048 -1.000000 0.000000
-0.014182 -0.999899 0.000048 -0.000000
-0.099409 -0.095501 -0.000059 1.000000
BoneName: mixamorig:RightToe_End
BoneImdex: 78
BoneParentIndex: 77
BoneChildCount: 0
1.000000 0.000000 -0.000000 0.000000
0.000000 1.000000 -0.000000 0.000000
-0.000000 -0.000000 1.000000 -0.000000
0.000000 0.142800 -0.000000 1.000000
-0.999899 0.014182 0.000001 0.000000
-0.000002 -0.000048 -1.000000 0.000000
-0.014182 -0.999899 0.000048 -0.000000
-0.099409 -0.238301 -0.000059 1.000000
