BoneCount: 78
RootBone: 0
BoneName: RootNode
BoneImdex: 0
BoneParentIndex: -1
BoneChildCount: 2
1
77
1.000000 0.000000 -0.000000 0.000000
0.000000 1.000000 -0.000000 0.000000
-0.000000 -0.000000 1.000000 -0.000000
0.000000 0.000000 -0.000000 1.000000
1.000000 0.000000 0.000000 0.000000
0.000000 1.000000 0.000000 0.000000
0.000000 0.000000 1.000000 0.000000
0.000000 0.000000 0.000000 1.000000
BoneName: mixamorig:Hips
BoneImdex: 1
BoneParentIndex: 0
BoneChildCount: 3
2
67
72
1.000000 0.000000 -0.000000 0.000000
0.000000 1.000000 -0.000000 0.000000
-0.000000 -0.000000 1.000000 -0.000000
0.002873 1.039593 0.000412 1.000000
1.000000 -0.000002 0.000000 0.000000
0.000002 1.000000 0.000000 0.000000
-0.000000 0.000000 1.000000 -0.000000
-0.002874 -1.039593 -0.000412 1.000000
BoneName: mixamorig:Spine
BoneImdex: 2
BoneParentIndex: 1
BoneChildCount: 1
3
0.999977 -0.006781 -0.000874 0.000000
0.006830 0.996535 0.082895 0.000000
0.000309 -0.082899 0.996558 -0.000000
-0.003363 0.084297 0.006557 1.000000
0.999977 0.006829 0.000309 0.000000
-0.006780 0.996535 -0.082899 0.000000
-0.000874 0.082895 0.996558 -0.000000
0.008116 -1.120570 0.086226 1.000000
BoneName: mixamorig:Spine1
BoneImdex: 3
BoneParentIndex: 2
BoneChildCount: 1
4
0.999878 0.015594 0.000707 0.000000
-0.015573 0.999606 -0.023356 0.000000
-0.001070 0.023343 0.999727 -0.000000
-0.000000 0.092242 0.000000 1.000000
0.999961 -0.008754 -0.000602 0.000000
0.008702 0.998184 -0.059608 0.000000
0.001122 0.059600 0.998222 -0.000000
-0.010736 -1.214475 0.057883 1.000000
BoneName: mixamorig:Spine2
BoneImdex: 4
BoneParentIndex: 3
BoneChildCount: 5
5
8
32
56
60
0.999961 -0.008754 -0.000602 0.000000
0.008702 0.998184 -0.059608 0.000000
0.001122 0.059600 0.998222 -0.000000
0.000000 0.146605 -0.000000 1.000000
1.000000 0.000000 0.000000 0.000000
-0.000000 1.000000 0.000000 0.000000
-0.000000 -0.000000 1.000000 -0.000000
0.001144 -1.362152 -0.023352 1.000000
BoneName: mixamorig:Neck
BoneImdex: 5
BoneParentIndex: 4
BoneChildCount: 1
6
1.000000 0.000000 -0.000000 0.000000
0.000000 1.000000 -0.000000 0.000000
-0.000000 -0.000000 1.000000 -0.000000
0.001051 0.158796 0.023798 1.000000
1.000000 0.000000 0.000000 0.000000
0.000000 1.000000 0.000000 0.000000
0.000000 0.000000 1.000000 0.000000
0.000000 0.000000 0.000000 1.000000
BoneName: mixamorig:Head
BoneImdex: 6
BoneParentIndex: 5
BoneChildCount: 1
7
1.000000 0.000000 -0.000000 0.000000
0.000000 1.000000 -0.000000 0.000000
-0.000000 -0.000000 1.000000 -0.000000
-0.000061 0.097440 -0.033541 1.000000
1.000000 0.000000 0.000000 0.000000
-0.000000 1.000000 0.000000 0.000000
-0.000000 -0.000000 1.000000 -0.000000
0.000154 -1.618388 -0.013609 1.000000
BoneName: mixamorig:HeadTop_End
BoneImdex: 7
BoneParentIndex: 6
BoneChildCount: 0
1.000000 0.000000 -0.000000 0.000000
0.000000 1.000000 -0.000000 0.000000
-0.000000 -0.000000 1.000000 -0.000000
0.000093 0.133689 -0.090115 1.000000
1.000000 0.000000 0.000000 0.000000
0.000000 1.000000 0.000000 0.000000
0.000000 0.000000 1.000000 0.000000
0.000000 0.000000 0.000000 1.000000
BoneName: mixamorig:LeftShoulder
BoneImdex: 8
BoneParentIndex: 4
BoneChildCount: 1
9
0.082304 -0.044788 0.995600 0.000000
0.874503 -0.475883 -0.093701 0.000000
0.477986 0.878368 -0.000000 -0.000000
0.068311 0.113850 0.005776 1.000000
0.082304 0.874503 0.477986 0.000000
-0.044788 -0.475883 0.878368 0.000000
0.995600 -0.093701 0.000000 -0.000000
0.031579 0.646396 -1.328576 1.000000
BoneName: mixamorig:LeftArm
BoneImdex: 9
BoneParentIndex: 8
BoneChildCount: 1
10
0.995600 -0.093700 0.000000 0.000000
0.082303 0.874502 0.477988 0.000000
-0.044788 -0.475885 0.878366 -0.000000
0.000000 0.086525 0.000000 1.000000
0.000001 1.000000 -0.000003 0.000000
0.000000 0.000003 1.000000 0.000000
1.000000 -0.000001 0.000000 -0.000000
-0.021021 -0.142837 -1.434825 1.000000
BoneName: mixamorig:LeftForeArm
BoneImdex: 10
BoneParentIndex: 9
BoneChildCount: 1
11
0.999848 0.017452 -0.000000 0.000000
-0.017452 0.999848 -0.000000 0.000000
-0.000000 -0.000000 1.000000 -0.000000
0.000000 0.209776 -0.000000 1.000000
0.017453 0.999848 -0.000003 0.000000
0.000000 0.000003 1.000000 0.000000
0.999848 -0.017453 0.000000 -0.000000
-0.027172 -0.352193 -1.434825 1.000000
BoneName: mixamorig:LeftHand
BoneImdex: 11
BoneParentIndex: 10
BoneChildCount: 5
12
16
20
24
28
1.000000 0.000000 -0.000000 0.000000
0.000000 1.000000 -0.000000 0.000000
-0.000000 -0.000000 1.000000 -0.000000
-0.000000 0.229872 -0.000000 1.000000
0.017453 0.999848 -0.000003 0.000000
0.000000 0.000003 1.000000 0.000000
0.999848 -0.017453 0.000000 -0.000000
-0.027172 -0.582065 -1.434825 1.000000
BoneName: mixamorig:LeftHandThumb1
BoneImdex: 12
BoneParentIndex: 11
BoneChildCount: 1
13
0.859908 0.509919 0.023267 0.000000
-0.447221 0.774583 -0.447229 0.000000
-0.246073 0.374170 0.894117 -0.000000
-0.018904 0.034560 -0.020859 1.000000
0.524849 0.766662 0.369816 0.000000
0.023269 -0.447227 0.894118 0.000000
0.850877 -0.460672 -0.252565 -0.000000
-0.354436 0.158437 -1.492939 1.000000
BoneName: mixamorig:LeftHandThumb2
BoneImdex: 13
BoneParentIndex: 12
BoneChildCount: 1
14
1.000000 -0.000036 -0.000000 0.000000
0.000036 1.000000 -0.000001 0.000000
0.000000 0.000001 1.000000 -0.000000
0.000000 0.035660 0.000000 1.000000
0.524821 0.766681 0.369816 0.000000
0.023285 -0.447226 0.894118 0.000000
0.850894 -0.460640 -0.252566 -0.000000
-0.354440 0.122765 -1.492939 1.000000
BoneName: mixamorig:LeftHandThumb3
BoneImdex: 14
BoneParentIndex: 13
BoneChildCount: 1
15
1.000000 0.000017 0.000000 0.000000
-0.000017 1.000000 -0.000025 0.000000
-0.000000 0.000025 1.000000 -0.000000
0.000000 0.037913 -0.000000 1.000000
0.524834 0.766662 0.369835 0.000000
0.023277 -0.447249 0.894107 0.000000
0.850886 -0.460649 -0.252577 -0.000000
-0.354439 0.084895 -1.492937 1.000000
BoneName: mixamorig:LeftHandThumb4
BoneImdex: 15
BoneParentIndex: 14
BoneChildCount: 0
1.000000 0.000000 -0.000000 0.000000
0.000000 1.000000 -0.000000 0.000000
-0.000000 -0.000000 1.000000 -0.000000
-0.000000 0.032410 -0.000000 1.000000
1.000000 0.000000 0.000000 0.000000
0.000000 1.000000 0.000000 0.000000
0.000000 0.000000 1.000000 0.000000
0.000000 0.000000 0.000000 1.000000
BoneName: mixamorig:LeftHandIndex1
BoneImdex: 16
BoneParentIndex: 11
BoneChildCount: 1
17
1.000000 0.000026 -0.000000 0.000000
-0.000026 1.000000 -0.000065 0.000000
-0.000000 0.000065 1.000000 -0.000000
-0.019525 0.128479 -0.003295 1.000000
0.017478 0.999847 0.000062 0.000000
0.000000 -0.000062 1.000000 0.000000
0.999847 -0.017478 -0.000001 -0.000000
-0.007665 -0.710450 -1.431576 1.000000
BoneName: mixamorig:LeftHandIndex2
BoneImdex: 17
BoneParentIndex: 16
BoneChildCount: 1
18
1.000000 -0.000026 -0.000000 0.000000
0.000026 1.000000 0.000066 0.000000
-0.000000 -0.000066 1.000000 -0.000000
0.000000 0.022201 0.000000 1.000000
0.017453 0.999848 -0.000004 0.000000
0.000000 0.000004 1.000000 0.000000
0.999848 -0.017453 0.000000 -0.000000
-0.007646 -0.732745 -1.431528 1.000000
BoneName: mixamorig:LeftHandIndex3
BoneImdex: 18
BoneParentIndex: 17
BoneChildCount: 1
19
1.000000 0.000000 -0.000000 0.000000
0.000000 1.000000 -0.000000 0.000000
-0.000000 -0.000000 1.000000 -0.000000
0.000000 0.019609 0.000000 1.000000
0.017453 0.999848 -0.000005 0.000000
0.000000 0.000005 1.000000 0.000000
0.999848 -0.017453 0.000000 -0.000000
-0.007646 -0.752355 -1.431527 1.000000
BoneName: mixamorig:LeftHandIndex4
BoneImdex: 19
BoneParentIndex: 18
BoneChildCount: 0
1.000000 0.000000 -0.000000 0.000000
0.000000 1.000000 -0.000000 0.000000
-0.000000 -0.000000 1.000000 -0.000000
0.000000 0.026738 -0.000000 1.000000
1.000000 0.000000 0.000000 0.000000
0.000000 1.000000 0.000000 0.000000
0.000000 0.000000 1.000000 0.000000
0.000000 0.000000 0.000000 1.000000
BoneName: mixamorig:LeftHandMiddle1
BoneImdex: 20
BoneParentIndex: 11
BoneChildCount: 1
21
1.000000 0.000000 -0.000000 0.000000
0.000000 1.000000 -0.000000 0.000000
-0.000000 -0.000000 1.000000 -0.000000
0.000000 0.128297 0.000000 1.000000
0.017453 0.999848 -0.000004 0.000000
0.000000 0.000004 1.000000 0.000000
0.999848 -0.017453 0.000000 -0.000000
-0.027171 -0.710362 -1.434825 1.000000
BoneName: mixamorig:LeftHandMiddle2
BoneImdex: 21
BoneParentIndex: 20
BoneChildCount: 1
22
1.000000 0.000058 -0.000000 0.000000
-0.000058 1.000000 -0.000005 0.000000
-0.000000 0.000005 1.000000 -0.000000
0.000000 0.027223 0.000000 1.000000
0.017511 0.999847 0.000001 0.000000
0.000000 -0.000001 1.000000 0.000000
0.999847 -0.017511 -0.000000 -0.000000
-0.027214 -0.737576 -1.434829 1.000000
BoneName: mixamorig:LeftHandMiddle3
BoneImdex: 22
BoneParentIndex: 21
BoneChildCount: 1
23
1.000000 -0.000045 -0.000000 0.000000
0.000045 1.000000 0.000029 0.000000
-0.000000 -0.000029 1.000000 -0.000000
-0.000000 0.021355 -0.000000 1.000000
0.017466 0.999847 -0.000028 0.000000
0.000000 0.000028 1.000000 0.000000
0.999847 -0.017466 0.000000 -0.000000
-0.027180 -0.758974 -1.434806 1.000000
BoneName: mixamorig:LeftHandMiddle4
BoneImdex: 23
BoneParentIndex: 22
BoneChildCount: 0
1.000000 0.000000 -0.000000 0.000000
0.000000 1.000000 -0.000000 0.000000
-0.000000 -0.000000 1.000000 -0.000000
0.000000 0.029806 -0.000000 1.000000
1.000000 0.000000 0.000000 0.000000
0.000000 1.000000 0.000000 0.000000
0.000000 0.000000 1.000000 0.000000
0.000000 0.000000 0.000000 1.000000
BoneName: mixamorig:LeftHandRing1
BoneImdex: 24
BoneParentIndex: 11
BoneChildCount: 1
25
1.000000 0.000000 -0.000000 0.000000
0.000000 1.000000 -0.000000 0.000000
-0.000000 -0.000000 1.000000 -0.000000
0.020033 0.124723 0.000701 1.000000
0.017453 0.999848 -0.000003 0.000000
0.000000 0.000003 1.000000 0.000000
0.999848 -0.017453 -0.000000 -0.000000
-0.047205 -0.706787 -1.435526 1.000000
BoneName: mixamorig:LeftHandRing2
BoneImdex: 25
BoneParentIndex: 24
BoneChildCount: 1
26
1.000000 0.000000 -0.000000 0.000000
0.000000 1.000000 -0.000000 0.000000
-0.000000 -0.000000 1.000000 -0.000000
0.000000 0.024341 0.000000 1.000000
0.017453 0.999848 -0.000003 0.000000
0.000000 0.000003 1.000000 0.000000
0.999848 -0.017453 -0.000000 -0.000000
-0.047205 -0.731129 -1.435526 1.000000
BoneName: mixamorig:LeftHandRing3
BoneImdex: 26
BoneParentIndex: 25
BoneChildCount: 1
27
1.000000 0.000000 -0.000000 0.000000
0.000000 1.000000 -0.000000 0.000000
-0.000000 -0.000000 1.000000 -0.000000
0.000000 0.019244 0.000000 1.000000
0.017453 0.999848 -0.000004 0.000000
0.000000 0.000004 1.000000 0.000000
0.999848 -0.017453 0.000000 -0.000000
-0.047205 -0.750373 -1.435525 1.000000
BoneName: mixamorig:LeftHandRing4
BoneImdex: 27
BoneParentIndex: 26
BoneChildCount: 0
1.000000 0.000000 -0.000000 0.000000
0.000000 1.000000 -0.000000 0.000000
-0.000000 -0.000000 1.000000 -0.000000
-0.000000 0.026921 0.000000 1.000000
1.000000 0.000000 0.000000 0.000000
0.000000 1.000000 0.000000 0.000000
0.000000 0.000000 1.000000 0.000000
0.000000 0.000000 0.000000 1.000000
BoneName: mixamorig:LeftHandPinky1
BoneImdex: 28
BoneParentIndex: 11
BoneChildCount: 1
29
1.000000 0.000000 -0.000000 0.000000
0.000000 1.000000 -0.000000 0.000000
-0.000000 -0.000000 1.000000 -0.000000
0.036335 0.119253 -0.003613 1.000000
0.017453 0.999848 -0.000003 0.000000
0.000000 0.000003 1.000000 0.000000
0.999848 -0.017453 0.000000 -0.000000
-0.063507 -0.701318 -1.431212 1.000000
BoneName: mixamorig:LeftHandPinky2
BoneImdex: 29
BoneParentIndex: 28
BoneChildCount: 1
30
1.000000 0.000000 -0.000000 0.000000
0.000000 1.000000 -0.000000 0.000000
-0.000000 -0.000000 1.000000 -0.000000
0.000000 0.017981 0.000000 1.000000
0.017453 0.999848 -0.000003 0.000000
0.000000 0.000003 1.000000 0.000000
0.999848 -0.017453 -0.000000 -0.000000
-0.063507 -0.719299 -1.431213 1.000000
BoneName: mixamorig:LeftHandPinky3
BoneImdex: 30
BoneParentIndex: 29
BoneChildCount: 1
31
1.000000 0.000000 -0.000000 0.000000
0.000000 1.000000 -0.000000 0.000000
-0.000000 -0.000000 1.000000 -0.000000
0.000000 0.015508 -0.000000 1.000000
0.017453 0.999848 -0.000003 0.000000
0.000000 0.000003 1.000000 0.000000
0.999848 -0.017453 -0.000000 -0.000000
-0.063507 -0.734806 -1.431213 1.000000
BoneName: mixamorig:LeftHandPinky4
BoneImdex: 31
BoneParentIndex: 30
BoneChildCount: 0
1.000000 0.000000 -0.000000 0.000000
0.000000 1.000000 -0.000000 0.000000
-0.000000 -0.000000 1.000000 -0.000000
-0.000000 0.019002 0.000000 1.000000
1.000000 0.000000 0.000000 0.000000
0.000000 1.000000 0.000000 0.000000
0.000000 0.000000 1.000000 0.000000
0.000000 0.000000 0.000000 1.000000
BoneName: mixamorig:RightShoulder
BoneImdex: 32
BoneParentIndex: 4
BoneChildCount: 1
33
-0.088154 -0.055330 -0.994569 0.000000
-0.842389 -0.528723 0.104080 0.000000
-0.531610 0.846989 -0.000000 -0.000000
-0.077283 0.113851 0.013885 1.000000
-0.088154 -0.842389 -0.531611 0.000000
-0.055330 -0.528723 0.846989 0.000000
-0.994569 0.104080 -0.000000 -0.000000
0.111789 0.710455 -1.291850 1.000000
BoneName: mixamorig:RightArm
BoneImdex: 33
BoneParentIndex: 32
BoneChildCount: 1
34
0.994569 -0.104080 -0.000000 0.000000
0.088155 0.842389 0.531610 0.000000
-0.055330 -0.528723 0.846989 -0.000000
0.000000 0.077905 -0.000000 1.000000
0.000000 -1.000000 -0.000001 0.000000
0.000000 -0.000001 1.000000 0.000000
-1.000000 -0.000000 -0.000000 -0.000000
0.045346 -0.144053 -1.434812 1.000000
BoneName: mixamorig:RightForeArm
BoneImdex: 34
BoneParentIndex: 33
BoneChildCount: 1
35
0.999848 -0.017452 -0.000000 0.000000
0.017452 0.999848 -0.000000 0.000000
-0.000000 -0.000000 1.000000 -0.000000
-0.000000 0.210073 -0.000000 1.000000
0.017453 -0.999848 0.000000 0.000000
-0.000000 0.000000 1.000000 0.000000
-0.999848 -0.017453 0.000000 -0.000000
0.051519 -0.353281 -1.434812 1.000000
BoneName: mixamorig:RightHand
BoneImdex: 35
BoneParentIndex: 34
BoneChildCount: 5
36
40
44
48
52
1.000000 0.000000 -0.000000 0.000000
0.000000 1.000000 -0.000000 0.000000
-0.000000 -0.000000 1.000000 -0.000000
-0.000000 0.231129 0.000000 1.000000
0.017453 -0.999848 0.000000 0.000000
-0.000000 0.000000 1.000000 0.000000
-0.999848 -0.017453 0.000000 -0.000000
0.051519 -0.584410 -1.434812 1.000000
BoneName: mixamorig:RightHandThumb1
BoneImdex: 36
BoneParentIndex: 35
BoneChildCount: 1
37
0.861405 -0.507604 -0.017896 0.000000
0.447169 0.774615 -0.447227 0.000000
0.240876 0.377241 0.894242 -0.000000
0.018980 0.035573 -0.021550 1.000000
0.522560 -0.766693 -0.372979 0.000000
-0.017896 -0.447226 0.894242 0.000000
-0.852414 -0.460620 -0.247423 -0.000000
0.368027 0.166351 -1.489843 1.000000
BoneName: mixamorig:RightHandThumb2
BoneImdex: 37
BoneParentIndex: 36
BoneChildCount: 1
38
1.000000 -0.000090 -0.000001 0.000000
0.000090 1.000000 -0.000023 0.000000
0.000001 0.000023 1.000000 -0.000000
0.000000 0.036576 -0.000000 1.000000
0.522629 -0.766637 -0.372996 0.000000
-0.017856 -0.447248 0.894232 0.000000
-0.852373 -0.460691 -0.247434 -0.000000
0.368017 0.129842 -1.489840 1.000000
BoneName: mixamorig:RightHandThumb3
BoneImdex: 38
BoneParentIndex: 37
BoneChildCount: 1
39
1.000000 0.000019 0.000000 0.000000
-0.000019 1.000000 0.000015 0.000000
-0.000000 -0.000015 1.000000 -0.000000
0.000000 0.036928 -0.000000 1.000000
0.522614 -0.766653 -0.372985 0.000000
-0.017865 -0.447235 0.894238 0.000000
-0.852382 -0.460679 -0.247427 -0.000000
0.368018 0.092885 -1.489841 1.000000
BoneName: mixamorig:RightHandThumb4
BoneImdex: 39
BoneParentIndex: 38
BoneChildCount: 0
1.000000 0.000000 -0.000000 0.000000
0.000000 1.000000 -0.000000 0.000000
-0.000000 -0.000000 1.000000 -0.000000
-0.000000 0.030485 0.000000 1.000000
1.000000 0.000000 0.000000 0.000000
0.000000 1.000000 0.000000 0.000000
0.000000 0.000000 1.000000 0.000000
0.000000 0.000000 0.000000 1.000000
BoneName: mixamorig:RightHandIndex1
BoneImdex: 40
BoneParentIndex: 35
BoneChildCount: 1
41
1.000000 0.000000 -0.000000 0.000000
0.000000 1.000000 -0.000000 0.000000
-0.000000 -0.000000 1.000000 -0.000000
0.019169 0.132078 -0.003704 1.000000
0.017454 -0.999848 -0.000000 0.000000
-0.000000 -0.000000 1.000000 0.000000
-0.999848 -0.017454 -0.000000 -0.000000
0.032351 -0.716488 -1.431108 1.000000
BoneName: mixamorig:RightHandIndex2
BoneImdex: 41
BoneParentIndex: 40
BoneChildCount: 1
42
1.000000 0.000030 -0.000000 0.000000
-0.000030 1.000000 0.000074 0.000000
0.000000 -0.000074 1.000000 -0.000000
-0.000000 0.022088 -0.000000 1.000000
0.017424 -0.999848 0.000074 0.000000
-0.000000 0.000074 1.000000 0.000000
-0.999848 -0.017424 0.000001 -0.000000
0.032329 -0.738683 -1.431053 1.000000
BoneName: mixamorig:RightHandIndex3
BoneImdex: 42
BoneParentIndex: 41
BoneChildCount: 1
43
1.000000 -0.000090 -0.000000 0.000000
0.000090 1.000000 -0.000089 0.000000
0.000000 0.000089 1.000000 -0.000000
0.000000 0.017537 -0.000000 1.000000
0.017514 -0.999847 -0.000015 0.000000
-0.000000 -0.000015 1.000000 0.000000
-0.999847 -0.017514 -0.000000 -0.000000
0.032397 -0.756089 -1.431121 1.000000
BoneName: mixamorig:RightHandIndex4
BoneImdex: 43
BoneParentIndex: 42
BoneChildCount: 0
1.000000 0.000000 -0.000000 0.000000
0.000000 1.000000 -0.000000 0.000000
-0.000000 -0.000000 1.000000 -0.000000
0.000000 0.022637 -0.000000 1.000000
1.000000 0.000000 0.000000 0.000000
0.000000 1.000000 0.000000 0.000000
0.000000 0.000000 1.000000 0.000000
0.000000 0.000000 0.000000 1.000000
BoneName: mixamorig:RightHandMiddle1
BoneImdex: 44
BoneParentIndex: 35
BoneChildCount: 1
45
1.000000 0.000000 -0.000000 0.000000
0.000000 1.000000 -0.000000 0.000000
-0.000000 -0.000000 1.000000 -0.000000
-0.000000 0.129455 0.000000 1.000000
0.017453 -0.999848 0.000002 0.000000
-0.000000 0.000002 1.000000 0.000000
-0.999848 -0.017453 0.000000 -0.000000
0.051520 -0.713867 -1.434811 1.000000
BoneName: mixamorig:RightHandMiddle2
BoneImdex: 45
BoneParentIndex: 44
BoneChildCount: 1
46
1.000000 0.000004 -0.000000 0.000000
-0.000004 1.000000 -0.000012 0.000000
-0.000000 0.000012 1.000000 -0.000000
-0.000000 0.026200 0.000000 1.000000
0.017449 -0.999848 -0.000010 0.000000
-0.000000 -0.000010 1.000000 0.000000
-0.999848 -0.017449 -0.000000 -0.000000
0.051517 -0.740051 -1.434820 1.000000
BoneName: mixamorig:RightHandMiddle3
BoneImdex: 46
BoneParentIndex: 45
BoneChildCount: 1
47
1.000000 -0.000004 -0.000000 0.000000
0.000004 1.000000 0.000013 0.000000
-0.000000 -0.000013 1.000000 -0.000000
-0.000000 0.021841 -0.000000 1.000000
0.017453 -0.999848 0.000002 0.000000
-0.000000 0.000002 1.000000 0.000000
-0.999848 -0.017453 0.000000 -0.000000
0.051520 -0.761910 -1.434810 1.000000
BoneName: mixamorig:RightHandMiddle4
BoneImdex: 47
BoneParentIndex: 46
BoneChildCount: 0
1.000000 0.000000 -0.000000 0.000000
0.000000 1.000000 -0.000000 0.000000
-0.000000 -0.000000 1.000000 -0.000000
-0.000000 0.029935 -0.000000 1.000000
1.000000 0.000000 0.000000 0.000000
0.000000 1.000000 0.000000 0.000000
0.000000 0.000000 1.000000 0.000000
0.000000 0.000000 0.000000 1.000000
BoneName: mixamorig:RightHandRing1
BoneImdex: 48
BoneParentIndex: 35
BoneChildCount: 1
49
1.000000 0.000000 -0.000000 0.000000
0.000000 1.000000 -0.000000 0.000000
-0.000000 -0.000000 1.000000 -0.000000
-0.020890 0.122640 0.000211 1.000000
0.017453 -0.999848 0.000000 0.000000
-0.000000 0.000000 1.000000 0.000000
-0.999848 -0.017453 0.000000 -0.000000
0.072409 -0.707050 -1.435023 1.000000
BoneName: mixamorig:RightHandRing2
BoneImdex: 49
BoneParentIndex: 48
BoneChildCount: 1
50
1.000000 -0.000017 -0.000000 0.000000
0.000017 1.000000 -0.000027 0.000000
0.000000 0.000027 1.000000 -0.000000
-0.000000 0.022789 -0.000000 1.000000
0.017469 -0.999847 -0.000026 0.000000
-0.000000 -0.000026 1.000000 0.000000
-0.999847 -0.017469 -0.000000 -0.000000
0.072421 -0.729799 -1.435042 1.000000
BoneName: mixamorig:RightHandRing3
BoneImdex: 50
BoneParentIndex: 49
BoneChildCount: 1
51
1.000000 0.000010 -0.000000 0.000000
-0.000010 1.000000 0.000045 0.000000
0.000000 -0.000045 1.000000 -0.000000
-0.000000 0.021174 0.000000 1.000000
0.017459 -0.999848 0.000019 0.000000
-0.000000 0.000019 1.000000 0.000000
-0.999848 -0.017459 0.000000 -0.000000
0.072414 -0.751038 -1.435008 1.000000
BoneName: mixamorig:RightHandRing4
BoneImdex: 51
BoneParentIndex: 50
BoneChildCount: 0
1.000000 0.000000 -0.000000 0.000000
0.000000 1.000000 -0.000000 0.000000
-0.000000 -0.000000 1.000000 -0.000000
-0.000000 0.030147 0.000000 1.000000
1.000000 0.000000 0.000000 0.000000
0.000000 1.000000 0.000000 0.000000
0.000000 0.000000 1.000000 0.000000
0.000000 0.000000 0.000000 1.000000
BoneName: mixamorig:RightHandPinky1
BoneImdex: 52
BoneParentIndex: 35
BoneChildCount: 1
53
1.000000 0.000000 -0.000000 0.000000
0.000000 1.000000 -0.000000 0.000000
-0.000000 -0.000000 1.000000 -0.000000
-0.037154 0.120194 -0.003774 1.000000
0.017453 -0.999848 0.000001 0.000000
-0.000000 0.000001 1.000000 0.000000
-0.999848 -0.017453 0.000000 -0.000000
0.088674 -0.704606 -1.431037 1.000000
BoneName: mixamorig:RightHandPinky2
BoneImdex: 53
BoneParentIndex: 52
BoneChildCount: 1
54
1.000000 0.000000 -0.000000 0.000000
0.000000 1.000000 -0.000000 0.000000
-0.000000 -0.000000 1.000000 -0.000000
-0.000000 0.019030 -0.000000 1.000000
0.017453 -0.999848 0.000002 0.000000
-0.000000 0.000002 1.000000 0.000000
-0.999848 -0.017453 0.000000 -0.000000
0.088674 -0.723636 -1.431037 1.000000
BoneName: mixamorig:RightHandPinky3
BoneImdex: 54
BoneParentIndex: 53
BoneChildCount: 1
55
1.000000 0.000000 -0.000000 0.000000
0.000000 1.000000 -0.000000 0.000000
-0.000000 -0.000000 1.000000 -0.000000
-0.000000 0.014802 -0.000000 1.000000
0.017453 -0.999848 0.000003 0.000000
-0.000000 0.000003 1.000000 0.000000
-0.999848 -0.017453 0.000000 -0.000000
0.088674 -0.738439 -1.431036 1.000000
BoneName: mixamorig:RightHandPinky4
BoneImdex: 55
BoneParentIndex: 54
BoneChildCount: 0
1.000000 0.000000 -0.000000 0.000000
0.000000 1.000000 -0.000000 0.000000
-0.000000 -0.000000 1.000000 -0.000000
-0.000000 0.018612 0.000000 1.000000
1.000000 0.000000 0.000000 0.000000
0.000000 1.000000 0.000000 0.000000
0.000000 0.000000 1.000000 0.000000
0.000000 0.000000 0.000000 1.000000
BoneName: mixamorig:Cloak1
BoneImdex: 56
BoneParentIndex: 4
BoneChildCount: 1
57
1.000000 0.000000 -0.000000 0.000000
0.000000 -0.997978 0.063565 0.000000
-0.000000 -0.063565 -0.997978 -0.000000
-0.146689 0.028539 0.131790 1.000000
1.000000 -0.000000 -0.000000 0.000000
-0.000000 -0.997978 -0.063565 0.000000
-0.000000 0.063565 -0.997978 -0.000000
0.147834 1.378017 0.243228 1.000000
BoneName: mixamorig:Cloak2
BoneImdex: 57
BoneParentIndex: 56
BoneChildCount: 1
58
1.000000 0.000000 -0.000000 0.000000
0.000000 0.999634 0.027036 0.000000
-0.000000 -0.027036 0.999634 -0.000000
0.000000 0.221200 -0.000000 1.000000
1.000000 -0.000000 -0.000000 0.000000
-0.000000 -0.999331 -0.036561 0.000000
-0.000000 0.036561 -0.999331 -0.000000
0.147834 1.162970 0.211864 1.000000
BoneName: mixamorig:Cloak3
BoneImdex: 58
BoneParentIndex: 57
BoneChildCount: 1
59
1.000000 0.000000 -0.000000 0.000000
0.000000 0.999172 -0.040685 0.000000
-0.000000 0.040685 0.999172 -0.000000
0.000000 0.229600 0.000000 1.000000
1.000000 -0.000000 -0.000000 0.000000
-0.000000 -0.997017 -0.077188 0.000000
-0.000000 0.077188 -0.997017 -0.000000
0.147834 0.923977 0.249663 1.000000
BoneName: mixamorig:Cloak_End
BoneImdex: 59
BoneParentIndex: 58
BoneChildCount: 0
1.000000 0.000000 -0.000000 0.000000
0.000000 1.000000 -0.000000 0.000000
-0.000000 -0.000000 1.000000 -0.000000
0.000000 0.254800 -0.000000 1.000000
1.000000 0.000000 0.000000 0.000000
0.000000 1.000000 0.000000 0.000000
0.000000 0.000000 1.000000 0.000000
0.000000 0.000000 0.000000 1.000000
BoneName: mixamorig:Hair1
BoneImdex: 60
BoneParentIndex: 4
BoneChildCount: 1
61
-0.947036 0.257710 0.191595 0.000000
-0.319124 -0.821807 -0.472010 0.000000
0.035812 -0.508153 0.860522 -0.000000
-0.042218 0.187794 -0.073350 1.000000
-0.947036 -0.319124 0.035813 0.000000
0.257709 -0.821807 -0.508153 0.000000
0.191595 -0.472010 0.860522 -0.000000
-0.430922 1.236319 0.832187 1.000000
BoneName: mixamorig:Hair2
BoneImdex: 61
BoneParentIndex: 60
BoneChildCount: 1
62
0.992475 0.114782 0.042649 0.000000
-0.121538 0.965824 0.228937 0.000000
-0.014914 -0.232398 0.972507 -0.000000
-0.000000 0.112000 0.000000 1.000000
-0.975012 -0.184918 0.123115 0.000000
0.139769 -0.941377 -0.307040 0.000000
0.172675 -0.282159 0.943700 -0.000000
-0.263136 1.328786 0.554444 1.000000
BoneName: mixamorig:Hair3
BoneImdex: 62
BoneParentIndex: 61
BoneChildCount: 1
63
0.998256 0.054664 0.022294 0.000000
-0.059008 0.912390 0.405047 0.000000
0.001800 -0.405656 0.914024 -0.000000
-0.000000 0.135612 0.000000 1.000000
-0.980675 -0.061317 0.185788 0.000000
0.081221 -0.991516 0.101485 0.000000
0.177989 0.114614 0.977335 -0.000000
-0.185092 1.328742 0.022284 1.000000
BoneName: mixamorig:Hair4
BoneImdex: 63
BoneParentIndex: 62
BoneChildCount: 1
64
0.998711 0.050756 0.000945 0.000000
-0.050765 0.998538 0.018594 0.000000
-0.000000 -0.018618 0.999827 -0.000000
0.000000 0.140000 0.000000 1.000000
-0.982347 -0.007989 0.186898 0.000000
0.030887 -0.992302 0.119928 0.000000
0.184501 0.123584 0.975031 -0.000000
-0.124497 1.196814 0.000147 1.000000
BoneName: mixamorig:Hair5
BoneImdex: 64
BoneParentIndex: 63
BoneChildCount: 1
65
0.983742 -0.011726 -0.179206 0.000000
-0.006994 0.994608 -0.103473 0.000000
0.179453 0.103044 0.978355 -0.000000
-0.000000 0.111953 0.000000 1.000000
-0.999775 -0.020414 0.005744 0.000000
0.020528 -0.999577 0.020625 0.000000
0.005321 0.020738 0.999771 -0.000000
-0.135220 1.079867 0.089591 1.000000
BoneName: mixamorig:Hair6
BoneImdex: 65
BoneParentIndex: 64
BoneChildCount: 1
66
0.943411 -0.009474 -0.331492 0.000000
0.000000 0.999592 -0.028569 0.000000
0.331627 0.026953 0.943025 -0.000000
0.000000 0.069474 -0.000000 1.000000
-0.944909 -0.020570 -0.326686 0.000000
0.022000 -0.999758 -0.000684 0.000000
-0.326593 -0.007833 0.945133 -0.000000
-0.166840 1.007421 0.066877 1.000000
BoneName: mixamorig:Hair_End
BoneImdex: 66
BoneParentIndex: 65
BoneChildCount: 0
1.000000 0.000000 -0.000000 0.000000
0.000000 1.000000 -0.000000 0.000000
-0.000000 -0.000000 1.000000 -0.000000
-0.000000 0.089966 0.000000 1.000000
1.000000 0.000000 0.000000 0.000000
0.000000 1.000000 0.000000 0.000000
0.000000 0.000000 1.000000 0.000000
0.000000 0.000000 0.000000 1.000000
BoneName: mixamorig:LeftUpLeg
BoneImdex: 67
BoneParentIndex: 1
BoneChildCount: 1
68
-1.000000 0.000002 -0.000000 0.000000
-0.000002 -0.999312 -0.037092 0.000000
-0.000000 -0.037092 0.999312 -0.000000
0.093760 -0.025617 0.001164 1.000000
-1.000000 -0.000000 0.000000 0.000000
0.000000 -0.999312 -0.037093 0.000000
0.000000 -0.037093 0.999312 -0.000000
0.096633 1.013337 0.036036 1.000000
BoneName: mixamorig:LeftLeg
BoneImdex: 68
BoneParentIndex: 67
BoneChildCount: 1
69
1.000000 0.000000 -0.000000 0.000000
0.000000 0.991909 0.126951 0.000000
-0.000000 -0.126951 0.991909 -0.000000
0.000000 0.398552 -0.000000 1.000000
-1.000000 0.000000 0.000006 0.000000
0.000000 -0.995935 0.090071 0.000000
0.000006 0.090071 0.995935 -0.000000
0.096633 0.614386 -0.042303 1.000000
BoneName: mixamorig:LeftFoot
BoneImdex: 69
BoneParentIndex: 68
BoneChildCount: 1
70
1.000000 0.000002 -0.000006 0.000000
-0.000003 0.987715 -0.156269 0.000000
0.000006 0.156269 0.987715 -0.000000
0.000000 0.451920 -0.000000 1.000000
1.000000 0.000000 0.000000 0.000000
0.000000 1.000000 0.000000 0.000000
0.000000 0.000000 1.000000 0.000000
0.000000 0.000000 0.000000 1.000000
BoneName: mixamorig:LeftToeBase
BoneImdex: 70
BoneParentIndex: 69
BoneChildCount: 1
71
1.000000 -0.000002 -0.000003 0.000000
-0.000002 0.066906 -0.997759 0.000000
0.000003 0.997759 0.066906 -0.000000
0.000000 0.166040 0.000000 1.000000
1.000000 0.000000 0.000000 0.000000
0.000000 1.000000 0.000000 0.000000
0.000000 0.000000 1.000000 0.000000
0.000000 0.000000 0.000000 1.000000
BoneName: mixamorig:LeftToe_End
BoneImdex: 71
BoneParentIndex: 70
BoneChildCount: 0
1.000000 0.000000 -0.000000 0.000000
0.000000 1.000000 -0.000000 0.000000
-0.000000 -0.000000 1.000000 -0.000000
0.000000 0.021502 0.000000 1.000000
1.000000 0.000000 0.000000 0.000000
0.000000 1.000000 0.000000 0.000000
0.000000 0.000000 1.000000 0.000000
0.000000 0.000000 0.000000 1.000000
BoneName: mixamorig:RightUpLeg
BoneImdex: 72
BoneParentIndex: 1
BoneChildCount: 1
73
-1.000000 -0.000002 -0.000000 0.000000
0.000002 -0.999298 -0.037451 0.000000
-0.000000 -0.037451 0.999298 -0.000000
-0.099504 -0.025444 -0.004083 1.000000
-1.000000 0.000003 0.000001 0.000000
-0.000003 -0.999298 -0.037451 0.000000
0.000000 -0.037451 0.999298 -0.000000
-0.096628 1.013300 0.041650 1.000000
BoneName: mixamorig:RightLeg
BoneImdex: 73
BoneParentIndex: 72
BoneChildCount: 1
74
1.000000 -0.000003 0.000000 0.000000
0.000003 0.990565 0.137045 0.000000
-0.000000 -0.137045 0.990565 -0.000000
0.000001 0.399206 0.000000 1.000000
-1.000000 0.000001 0.000001 0.000000
-0.000001 -0.995002 0.099851 0.000000
0.000001 0.099851 0.995002 -0.000000
-0.096631 0.614008 -0.042901 1.000000
BoneName: mixamorig:RightFoot
BoneImdex: 74
BoneParentIndex: 73
BoneChildCount: 1
75
1.000000 0.000001 -0.000001 0.000000
-0.000001 0.826256 -0.563295 0.000000
0.000000 0.563295 0.826256 -0.000000
0.000000 0.452648 -0.000000 1.000000
-1.000000 0.000001 -0.000000 0.000000
-0.000001 -0.878372 -0.477978 0.000000
-0.000001 -0.477978 0.878372 -0.000000
-0.096631 0.157491 0.055446 1.000000
BoneName: mixamorig:RightToeBase
BoneImdex: 75
BoneParentIndex: 74
BoneChildCount: 1
76
1.000000 -0.000001 -0.000001 0.000000
-0.000000 0.477150 -0.878822 0.000000
0.000001 0.878822 0.477150 -0.000000
0.000000 0.187600 0.000000 1.000000
-1.000000 0.000000 0.000002 0.000000
-0.000002 0.000942 -1.000000 0.000000
-0.000000 -1.000000 -0.000942 -0.000000
-0.096631 -0.063094 -0.000004 1.000000
BoneName: mixamorig:RightToe_End
BoneImdex: 76
BoneParentIndex: 75
BoneChildCount: 0
1.000000 0.000000 -0.000000 0.000000
0.000000 1.000000 -0.000000 0.000000
-0.000000 -0.000000 1.000000 -0.000000
0.000000 0.091704 0.000000 1.000000
1.000000 0.000000 0.000000 0.000000
0.000000 1.000000 0.000000 0.000000
0.000000 0.000000 1.000000 0.000000
0.000000 0.000000 0.000000 1.000000
BoneName: VoidPirate
BoneImdex: 77
BoneParentIndex: 0
BoneChildCount: 0
1.000000 0.000000 -0.000000 0.000000
0.000000 1.000000 -0.000000 0.000000
-0.000000 -0.000000 1.000000 -0.000000
0.000000 0.000000 -0.000000 1.000000
1.000000 0.000000 0.000000 0.000000
0.000000 1.000000 0.000000 0.000000
0.000000 0.000000 1.000000 0.000000
0.000000 0.000000 0.000000 1.000000
