BoneCount: 68
RootBone: 0
BoneName: RootNode
BoneImdex: 0
BoneParentIndex: -1
BoneChildCount: 3
1
66
67
1.000000 0.000000 -0.000000 0.000000
0.000000 1.000000 -0.000000 0.000000
-0.000000 -0.000000 1.000000 -0.000000
0.000000 0.000000 -0.000000 1.000000
1.000000 0.000000 0.000000 0.000000
0.000000 1.000000 0.000000 0.000000
0.000000 0.000000 1.000000 0.000000
0.000000 0.000000 0.000000 1.000000
BoneName: mixamorig:Hips
BoneImdex: 1
BoneParentIndex: 0
BoneChildCount: 3
2
56
61
1.000000 0.000000 -0.000000 0.000000
0.000000 1.000000 -0.000000 0.000000
-0.000000 -0.000000 1.000000 -0.000000
0.000000 1.052462 -0.017651 1.000000
1.000000 -0.000002 0.000000 0.000000
0.000002 1.000000 0.000000 0.000000
-0.000000 0.000000 1.000000 -0.000000
-0.000002 -1.052462 0.017651 1.000000
BoneName: mixamorig:Spine
BoneImdex: 2
BoneParentIndex: 1
BoneChildCount: 1
3
1.000000 -0.000002 0.000000 0.000000
0.000002 0.998011 0.063033 0.000000
-0.000000 -0.063033 0.998011 -0.000000
0.000047 0.052453 -0.002588 1.000000
1.000000 0.000000 -0.000000 0.000000
0.000000 0.998011 -0.063033 0.000000
-0.000000 0.063033 0.998011 -0.000000
-0.000046 -1.101442 0.089846 1.000000
BoneName: mixamorig:Spine1
BoneImdex: 3
BoneParentIndex: 2
BoneChildCount: 1
4
1.000000 0.000000 -0.000000 0.000000
0.000000 0.997486 0.070865 0.000000
-0.000000 -0.070865 0.997486 -0.000000
-0.000000 0.110669 0.000000 1.000000
1.000000 0.000000 -0.000000 0.000000
0.000000 0.991036 -0.133599 0.000000
-0.000000 0.133599 0.991036 -0.000000
-0.000046 -1.202697 0.175516 1.000000
BoneName: mixamorig:Spine2
BoneImdex: 4
BoneParentIndex: 3
BoneChildCount: 3
5
8
32
1.000000 0.000000 -0.000000 0.000000
0.000000 0.991036 -0.133599 0.000000
-0.000000 0.133599 0.991036 -0.000000
0.000000 0.081419 0.000000 1.000000
1.000000 0.000000 -0.000000 0.000000
0.000000 1.000000 -0.000000 0.000000
-0.000000 -0.000000 1.000000 -0.000000
-0.000046 -1.296053 0.002387 1.000000
BoneName: mixamorig:Neck
BoneImdex: 5
BoneParentIndex: 4
BoneChildCount: 1
6
1.000000 0.000000 -0.000000 0.000000
0.000000 1.000000 -0.000000 0.000000
-0.000000 -0.000000 1.000000 -0.000000
-0.001122 0.189195 0.037361 1.000000
1.000000 0.000000 -0.000000 0.000000
0.000000 1.000000 -0.000000 0.000000
-0.000000 -0.000000 1.000000 -0.000000
0.001076 -1.485249 -0.034974 1.000000
BoneName: mixamorig:Head
BoneImdex: 6
BoneParentIndex: 5
BoneChildCount: 1
7
1.000000 0.000000 -0.000000 0.000000
0.000000 1.000000 -0.000000 0.000000
-0.000000 -0.000000 1.000000 -0.000000
0.000000 0.086730 -0.033193 1.000000
1.000000 0.000000 -0.000000 0.000000
0.000000 1.000000 -0.000000 0.000000
-0.000000 -0.000000 1.000000 -0.000000
0.001076 -1.571978 -0.001781 1.000000
BoneName: mixamorig:HeadTop_End
BoneImdex: 7
BoneParentIndex: 6
BoneChildCount: 0
1.000000 0.000000 -0.000000 0.000000
0.000000 1.000000 -0.000000 0.000000
-0.000000 -0.000000 1.000000 -0.000000
0.000000 0.187453 -0.093713 1.000000
1.000000 0.000000 -0.000000 0.000000
0.000000 1.000000 -0.000000 0.000000
-0.000000 -0.000000 1.000000 -0.000000
0.001076 -1.759431 0.091932 1.000000
BoneName: mixamorig:LeftShoulder
BoneImdex: 8
BoneParentIndex: 4
BoneChildCount: 1
9
-0.005157 0.000000 0.999987 0.000000
0.982662 -0.185337 0.005068 0.000000
0.185335 0.982675 0.000956 -0.000000
0.063392 0.149529 0.046429 1.000000
-0.005157 0.982662 0.185335 0.000000
0.000000 -0.185337 0.982675 0.000000
0.999987 0.005068 0.000956 -0.000000
-0.043715 0.205359 -1.432337 1.000000
BoneName: mixamorig:LeftArm
BoneImdex: 9
BoneParentIndex: 8
BoneChildCount: 1
10
0.999987 0.005069 0.000956 0.000000
-0.005158 0.982662 0.185333 0.000000
-0.000000 -0.185335 0.982675 -0.000000
0.000000 0.091437 0.000000 1.000000
0.000001 1.000000 0.000002 0.000000
-0.000000 -0.000002 1.000000 0.000000
1.000000 -0.000001 -0.000000 -0.000000
-0.044506 -0.153287 -1.428636 1.000000
BoneName: mixamorig:LeftForeArm
BoneImdex: 10
BoneParentIndex: 9
BoneChildCount: 1
11
0.999848 0.017452 -0.000000 0.000000
-0.017452 0.999848 -0.000000 0.000000
-0.000000 -0.000000 1.000000 -0.000000
0.000000 0.245739 0.000000 1.000000
0.000000 1.000000 0.000001 0.000000
0.000000 -0.000001 1.000000 0.000000
1.000000 -0.000000 -0.000000 -0.000000
-0.044506 -0.399027 -1.428635 1.000000
BoneName: mixamorig:LeftHand
BoneImdex: 11
BoneParentIndex: 10
BoneChildCount: 5
12
16
20
24
28
1.000000 0.000000 -0.000000 0.000000
0.000000 1.000000 -0.000000 0.000000
-0.000000 -0.000000 1.000000 -0.000000
0.000000 0.230966 0.000000 1.000000
0.000000 1.000000 0.000001 0.000000
0.000000 -0.000001 1.000000 0.000000
1.000000 -0.000000 -0.000000 -0.000000
-0.044506 -0.629993 -1.428635 1.000000
BoneName: mixamorig:LeftHandThumb1
BoneImdex: 12
BoneParentIndex: 11
BoneChildCount: 1
13
0.859916 0.509904 0.023278 0.000000
-0.447208 0.774600 -0.447214 0.000000
-0.246067 0.374157 0.894124 -0.000000
-0.020055 0.036603 -0.015185 1.000000
0.509904 0.774599 0.374158 0.000000
0.023277 -0.447215 0.894124 0.000000
0.859916 -0.447208 -0.246067 -0.000000
-0.393827 0.126705 -1.507195 1.000000
BoneName: mixamorig:LeftHandThumb2
BoneImdex: 13
BoneParentIndex: 12
BoneChildCount: 1
14
1.000000 0.000000 -0.000000 0.000000
0.000000 1.000000 -0.000000 0.000000
-0.000000 -0.000000 1.000000 -0.000000
0.000000 0.032954 0.000000 1.000000
0.509901 0.774601 0.374158 0.000000
0.023279 -0.447215 0.894123 0.000000
0.859918 -0.447204 -0.246067 -0.000000
-0.393827 0.093749 -1.507195 1.000000
BoneName: mixamorig:LeftHandThumb3
BoneImdex: 14
BoneParentIndex: 13
BoneChildCount: 1
15
1.000000 0.000000 -0.000000 0.000000
0.000000 1.000000 -0.000000 0.000000
-0.000000 -0.000000 1.000000 -0.000000
-0.000000 0.035567 -0.000000 1.000000
0.509901 0.774601 0.374158 0.000000
0.023279 -0.447216 0.894123 0.000000
0.859918 -0.447204 -0.246068 -0.000000
-0.393827 0.058183 -1.507195 1.000000
BoneName: mixamorig:LeftHandThumb4
BoneImdex: 15
BoneParentIndex: 14
BoneChildCount: 0
1.000000 0.000000 -0.000000 0.000000
0.000000 1.000000 -0.000000 0.000000
-0.000000 -0.000000 1.000000 -0.000000
0.000000 0.033290 0.000000 1.000000
0.509901 0.774601 0.374158 0.000000
0.023279 -0.447216 0.894123 0.000000
0.859918 -0.447204 -0.246068 -0.000000
-0.393827 0.024893 -1.507195 1.000000
BoneName: mixamorig:LeftHandIndex1
BoneImdex: 16
BoneParentIndex: 11
BoneChildCount: 1
17
0.999988 0.004897 -0.000000 0.000000
-0.004897 0.999988 -0.000061 0.000000
-0.000000 0.000061 1.000000 -0.000000
-0.023266 0.111045 -0.002294 1.000000
0.004898 0.999988 0.000062 0.000000
-0.000000 -0.000062 1.000000 0.000000
0.999988 -0.004898 -0.000000 -0.000000
-0.024868 -0.740838 -1.426386 1.000000
BoneName: mixamorig:LeftHandIndex2
BoneImdex: 17
BoneParentIndex: 16
BoneChildCount: 1
18
0.999991 0.004324 0.000000 0.000000
-0.004324 0.999991 -0.000064 0.000000
-0.000001 0.000064 1.000000 -0.000000
0.000000 0.026000 -0.000000 1.000000
0.009222 0.999957 0.000126 0.000000
0.000000 -0.000126 1.000000 0.000000
0.999957 -0.009222 -0.000001 -0.000000
-0.028184 -0.766632 -1.426435 1.000000
BoneName: mixamorig:LeftHandIndex3
BoneImdex: 18
BoneParentIndex: 17
BoneChildCount: 1
19
0.999998 0.001940 0.000000 0.000000
-0.001940 0.999998 -0.000028 0.000000
-0.000000 0.000028 1.000000 -0.000000
-0.000000 0.020001 0.000000 1.000000
0.011161 0.999938 0.000154 0.000000
-0.000000 -0.000154 1.000000 0.000000
0.999938 -0.011161 -0.000002 -0.000000
-0.029711 -0.786537 -1.426457 1.000000
BoneName: mixamorig:LeftHandIndex4
BoneImdex: 19
BoneParentIndex: 18
BoneChildCount: 0
1.000000 0.000000 -0.000000 0.000000
0.000000 1.000000 -0.000000 0.000000
-0.000000 -0.000000 1.000000 -0.000000
0.000000 0.024555 -0.000000 1.000000
0.011161 0.999938 0.000154 0.000000
-0.000000 -0.000154 1.000000 0.000000
0.999938 -0.011161 -0.000002 -0.000000
-0.029711 -0.811092 -1.426457 1.000000
BoneName: mixamorig:LeftHandMiddle1
BoneImdex: 20
BoneParentIndex: 11
BoneChildCount: 1
21
1.000000 -0.000674 -0.000000 0.000000
0.000674 1.000000 0.000016 0.000000
-0.000000 -0.000016 1.000000 -0.000000
-0.000000 0.114476 0.000001 1.000000
-0.000674 1.000000 -0.000015 0.000000
0.000000 0.000015 1.000000 0.000000
1.000000 0.000674 -0.000000 -0.000000
-0.044003 -0.744521 -1.428624 1.000000
BoneName: mixamorig:LeftHandMiddle2
BoneImdex: 21
BoneParentIndex: 20
BoneChildCount: 1
22
1.000000 -0.000099 -0.000000 0.000000
0.000099 1.000000 0.000002 0.000000
-0.000000 -0.000002 1.000000 -0.000000
0.000000 0.029000 -0.000000 1.000000
-0.000773 1.000000 -0.000017 0.000000
-0.000000 0.000017 1.000000 0.000000
1.000000 0.000773 -0.000000 -0.000000
-0.043927 -0.773529 -1.428623 1.000000
BoneName: mixamorig:LeftHandMiddle3
BoneImdex: 22
BoneParentIndex: 21
BoneChildCount: 1
23
1.000000 0.000743 -0.000000 0.000000
-0.000743 1.000000 -0.000017 0.000000
-0.000000 0.000017 1.000000 -0.000000
0.000000 0.020000 0.000000 1.000000
-0.000030 1.000000 0.000000 0.000000
0.000000 -0.000000 1.000000 0.000000
1.000000 0.000030 -0.000000 -0.000000
-0.044516 -0.793471 -1.428636 1.000000
BoneName: mixamorig:LeftHandMiddle4
BoneImdex: 23
BoneParentIndex: 22
BoneChildCount: 0
1.000000 0.000000 -0.000000 0.000000
0.000000 1.000000 -0.000000 0.000000
-0.000000 -0.000000 1.000000 -0.000000
-0.000000 0.022850 0.000000 1.000000
-0.000030 1.000000 0.000000 0.000000
0.000000 -0.000000 1.000000 0.000000
1.000000 0.000030 -0.000000 -0.000000
-0.044516 -0.816321 -1.428636 1.000000
BoneName: mixamorig:LeftHandRing1
BoneImdex: 24
BoneParentIndex: 11
BoneChildCount: 1
25
1.000000 -0.000023 -0.000000 0.000000
0.000023 1.000000 0.000000 0.000000
-0.000000 -0.000000 1.000000 -0.000000
0.022473 0.106056 0.002683 1.000000
-0.000023 1.000000 0.000002 0.000000
0.000000 -0.000002 1.000000 0.000000
1.000000 0.000023 0.000000 -0.000000
-0.066961 -0.736049 -1.431319 1.000000
BoneName: mixamorig:LeftHandRing2
BoneImdex: 25
BoneParentIndex: 24
BoneChildCount: 1
26
0.999999 -0.001446 -0.000000 0.000000
0.001446 0.999999 0.000051 0.000000
-0.000000 -0.000051 1.000000 -0.000000
0.000000 0.030001 -0.000000 1.000000
-0.001469 0.999999 -0.000050 0.000000
0.000000 0.000050 1.000000 0.000000
0.999999 0.001469 -0.000000 -0.000000
-0.065854 -0.766220 -1.431280 1.000000
BoneName: mixamorig:LeftHandRing3
BoneImdex: 26
BoneParentIndex: 25
BoneChildCount: 1
27
0.999999 0.001487 -0.000000 0.000000
-0.001487 0.999999 -0.000051 0.000000
-0.000000 0.000051 1.000000 -0.000000
0.000000 0.022000 0.000000 1.000000
0.000018 1.000000 0.000004 0.000000
-0.000000 -0.000004 1.000000 0.000000
1.000000 -0.000018 -0.000000 -0.000000
-0.067025 -0.788045 -1.431322 1.000000
BoneName: mixamorig:LeftHandRing4
BoneImdex: 27
BoneParentIndex: 26
BoneChildCount: 0
1.000000 0.000000 -0.000000 0.000000
0.000000 1.000000 -0.000000 0.000000
-0.000000 -0.000000 1.000000 -0.000000
0.000000 0.021861 -0.000000 1.000000
0.000018 1.000000 0.000004 0.000000
-0.000000 -0.000004 1.000000 0.000000
1.000000 -0.000018 -0.000000 -0.000000
-0.067025 -0.809906 -1.431322 1.000000
BoneName: mixamorig:LeftHandPinky1
BoneImdex: 28
BoneParentIndex: 11
BoneChildCount: 1
29
1.000000 -0.000284 -0.000000 0.000000
0.000284 1.000000 0.000004 0.000000
-0.000000 -0.000004 1.000000 -0.000000
0.040279 0.096282 -0.003417 1.000000
-0.000284 1.000000 -0.000003 0.000000
0.000000 0.000003 1.000000 0.000000
1.000000 0.000284 -0.000000 -0.000000
-0.084578 -0.726304 -1.425216 1.000000
BoneName: mixamorig:LeftHandPinky2
BoneImdex: 29
BoneParentIndex: 28
BoneChildCount: 1
30
0.999999 0.001662 -0.000000 0.000000
-0.001662 0.999999 -0.000026 0.000000
-0.000000 0.000026 1.000000 -0.000000
0.000000 0.029005 -0.000000 1.000000
0.001378 0.999999 0.000023 0.000000
0.000000 -0.000023 1.000000 0.000000
0.999999 -0.001378 -0.000000 -0.000000
-0.085833 -0.755131 -1.425235 1.000000
BoneName: mixamorig:LeftHandPinky3
BoneImdex: 30
BoneParentIndex: 29
BoneChildCount: 1
31
0.999999 -0.001717 -0.000000 0.000000
0.001717 0.999999 0.000026 0.000000
-0.000000 -0.000026 1.000000 -0.000000
-0.000000 0.012977 0.000000 1.000000
-0.000339 1.000000 -0.000003 0.000000
-0.000000 0.000003 1.000000 0.000000
1.000000 0.000339 -0.000000 -0.000000
-0.084514 -0.768292 -1.425215 1.000000
BoneName: mixamorig:LeftHandPinky4
BoneImdex: 31
BoneParentIndex: 30
BoneChildCount: 0
1.000000 0.000000 -0.000000 0.000000
0.000000 1.000000 -0.000000 0.000000
-0.000000 -0.000000 1.000000 -0.000000
-0.000000 0.020130 0.000000 1.000000
-0.000339 1.000000 -0.000003 0.000000
-0.000000 0.000003 1.000000 0.000000
1.000000 0.000339 -0.000000 -0.000000
-0.084514 -0.788422 -1.425215 1.000000
BoneName: mixamorig:RightShoulder
BoneImdex: 32
BoneParentIndex: 4
BoneChildCount: 1
33
-0.005157 0.000000 -0.999987 0.000000
-0.982675 -0.185267 0.005068 0.000000
-0.185265 0.982688 0.000955 -0.000000
-0.063392 0.149527 0.046429 1.000000
-0.005157 -0.982675 -0.185265 0.000000
-0.000000 -0.185267 0.982688 0.000000
-0.999987 0.005068 0.000955 -0.000000
0.043715 0.205347 -1.432332 1.000000
BoneName: mixamorig:RightArm
BoneImdex: 33
BoneParentIndex: 32
BoneChildCount: 1
34
0.999987 -0.005068 -0.000956 0.000000
0.005158 0.982675 0.185265 0.000000
0.000000 -0.185267 0.982688 -0.000000
-0.000000 0.091436 0.000000 1.000000
0.000000 -1.000000 0.000000 0.000000
-0.000000 0.000000 1.000000 0.000000
-1.000000 -0.000000 0.000000 -0.000000
0.044506 -0.153197 -1.428640 1.000000
BoneName: mixamorig:RightForeArm
BoneImdex: 34
BoneParentIndex: 33
BoneChildCount: 1
35
0.999848 -0.017452 0.000001 0.000000
0.017452 0.999848 -0.000043 0.000000
-0.000000 0.000043 1.000000 -0.000000
0.000000 0.245739 0.000000 1.000000
0.000000 -1.000000 -0.000043 0.000000
0.000000 -0.000043 1.000000 0.000000
-1.000000 -0.000000 -0.000000 -0.000000
0.044506 -0.398874 -1.428657 1.000000
BoneName: mixamorig:RightHand
BoneImdex: 35
BoneParentIndex: 34
BoneChildCount: 5
36
40
44
48
52
1.000000 0.000000 -0.000000 0.000000
0.000000 1.000000 -0.000000 0.000000
-0.000000 -0.000000 1.000000 -0.000000
-0.000000 0.230966 -0.000000 1.000000
0.000000 -1.000000 -0.000043 0.000000
0.000000 -0.000043 1.000000 0.000000
-1.000000 -0.000000 -0.000000 -0.000000
0.044506 -0.629840 -1.428657 1.000000
BoneName: mixamorig:RightHandThumb1
BoneImdex: 36
BoneParentIndex: 35
BoneChildCount: 1
37
0.861383 -0.507640 -0.017897 0.000000
0.447198 0.774589 -0.447242 0.000000
0.240901 0.377244 0.894234 -0.000000
0.020055 0.036604 -0.015178 1.000000
0.507641 -0.774570 -0.377282 0.000000
-0.017875 -0.447276 0.894217 0.000000
-0.861383 -0.447198 -0.240901 -0.000000
0.384672 0.126881 -1.509502 1.000000
BoneName: mixamorig:RightHandThumb2
BoneImdex: 37
BoneParentIndex: 36
BoneChildCount: 1
38
1.000000 0.000009 0.000000 0.000000
-0.000009 1.000000 0.000219 0.000000
-0.000000 -0.000219 1.000000 -0.000000
0.000000 0.032955 0.000000 1.000000
0.507634 -0.774657 -0.377113 0.000000
-0.017879 -0.447080 0.894315 0.000000
-0.861387 -0.447242 -0.240803 -0.000000
0.384672 0.093592 -1.509523 1.000000
BoneName: mixamorig:RightHandThumb3
BoneImdex: 38
BoneParentIndex: 37
BoneChildCount: 1
39
1.000000 0.000010 0.000000 0.000000
-0.000010 1.000000 -0.000205 0.000000
-0.000000 0.000205 1.000000 -0.000000
0.000000 0.035564 0.000000 1.000000
0.507626 -0.774585 -0.377273 0.000000
-0.017882 -0.447264 0.894224 0.000000
-0.861392 -0.447185 -0.240895 -0.000000
0.384672 0.058336 -1.509511 1.000000
BoneName: mixamorig:RightHandThumb4
BoneImdex: 39
BoneParentIndex: 38
BoneChildCount: 0
1.000000 0.000000 -0.000000 0.000000
0.000000 1.000000 -0.000000 0.000000
-0.000000 -0.000000 1.000000 -0.000000
0.000000 0.033291 0.000000 1.000000
0.507626 -0.774585 -0.377273 0.000000
-0.017882 -0.447264 0.894224 0.000000
-0.861392 -0.447185 -0.240895 -0.000000
0.384672 0.025044 -1.509511 1.000000
BoneName: mixamorig:RightHandIndex1
BoneImdex: 40
BoneParentIndex: 35
BoneChildCount: 1
41
0.999988 -0.004896 -0.000000 0.000000
0.004896 0.999988 0.000043 0.000000
0.000000 -0.000043 1.000000 -0.000000
0.023266 0.111044 -0.002285 1.000000
0.004896 -0.999988 0.000000 0.000000
0.000000 0.000000 1.000000 0.000000
-0.999988 -0.004896 0.000000 -0.000000
0.024867 -0.740833 -1.426340 1.000000
BoneName: mixamorig:RightHandIndex2
BoneImdex: 41
BoneParentIndex: 40
BoneChildCount: 1
42
0.999991 -0.004329 -0.000000 0.000000
0.004329 0.999991 -0.000000 0.000000
-0.000000 -0.000000 1.000000 -0.000000
0.000000 0.026000 0.000000 1.000000
0.009225 -0.999957 0.000000 0.000000
0.000000 0.000000 1.000000 0.000000
-0.999957 -0.009225 0.000000 -0.000000
0.028186 -0.766719 -1.426340 1.000000
BoneName: mixamorig:RightHandIndex3
BoneImdex: 42
BoneParentIndex: 41
BoneChildCount: 1
43
0.999998 -0.001934 -0.000000 0.000000
0.001934 0.999998 -0.000407 0.000000
0.000001 0.000407 1.000000 -0.000000
0.000000 0.020001 0.000000 1.000000
0.011159 -0.999938 -0.000407 0.000000
-0.000000 -0.000407 1.000000 0.000000
-0.999938 -0.011159 -0.000005 -0.000000
0.029708 -0.786083 -1.426660 1.000000
BoneName: mixamorig:RightHandIndex4
BoneImdex: 43
BoneParentIndex: 42
BoneChildCount: 0
1.000000 0.000000 -0.000000 0.000000
0.000000 1.000000 -0.000000 0.000000
-0.000000 -0.000000 1.000000 -0.000000
-0.000000 0.024555 0.000000 1.000000
0.011159 -0.999938 -0.000407 0.000000
-0.000000 -0.000407 1.000000 0.000000
-0.999938 -0.011159 -0.000005 -0.000000
0.029708 -0.810637 -1.426660 1.000000
BoneName: mixamorig:RightHandMiddle1
BoneImdex: 44
BoneParentIndex: 35
BoneChildCount: 1
45
1.000000 0.000672 0.000000 0.000000
-0.000672 1.000000 0.000043 0.000000
0.000000 -0.000043 1.000000 -0.000000
0.000000 0.114475 0.000015 1.000000
-0.000672 -1.000000 -0.000000 0.000000
-0.000000 -0.000000 1.000000 0.000000
-1.000000 0.000672 -0.000000 -0.000000
0.044005 -0.744407 -1.428640 1.000000
BoneName: mixamorig:RightHandMiddle2
BoneImdex: 45
BoneParentIndex: 44
BoneChildCount: 1
46
1.000000 0.000103 -0.000000 0.000000
-0.000103 1.000000 -0.000000 0.000000
-0.000000 -0.000000 1.000000 -0.000000
0.000000 0.029000 -0.000000 1.000000
-0.000775 -1.000000 -0.000000 0.000000
-0.000000 -0.000000 1.000000 0.000000
-1.000000 0.000775 -0.000000 -0.000000
0.043925 -0.773411 -1.428640 1.000000
BoneName: mixamorig:RightHandMiddle3
BoneImdex: 46
BoneParentIndex: 45
BoneChildCount: 1
47
1.000000 -0.000744 -0.000000 0.000000
0.000744 1.000000 -0.000000 0.000000
-0.000000 -0.000000 1.000000 -0.000000
0.000000 0.020000 -0.000000 1.000000
-0.000031 -1.000000 -0.000000 0.000000
-0.000000 0.000000 1.000000 0.000000
-1.000000 0.000031 -0.000000 -0.000000
0.044516 -0.793378 -1.428640 1.000000
BoneName: mixamorig:RightHandMiddle4
BoneImdex: 47
BoneParentIndex: 46
BoneChildCount: 0
1.000000 0.000000 -0.000000 0.000000
0.000000 1.000000 -0.000000 0.000000
-0.000000 -0.000000 1.000000 -0.000000
-0.000000 0.022850 -0.000000 1.000000
-0.000031 -1.000000 -0.000000 0.000000
-0.000000 0.000000 1.000000 0.000000
-1.000000 0.000031 -0.000000 -0.000000
0.044516 -0.816228 -1.428640 1.000000
BoneName: mixamorig:RightHandRing1
BoneImdex: 48
BoneParentIndex: 35
BoneChildCount: 1
49
1.000000 0.000023 -0.000000 0.000000
-0.000023 1.000000 0.000043 0.000000
0.000000 -0.000043 1.000000 -0.000000
-0.022473 0.106055 0.002695 1.000000
-0.000023 -1.000000 -0.000000 0.000000
-0.000000 0.000000 1.000000 0.000000
-1.000000 0.000023 -0.000000 -0.000000
0.066961 -0.735959 -1.431320 1.000000
BoneName: mixamorig:RightHandRing2
BoneImdex: 49
BoneParentIndex: 48
BoneChildCount: 1
50
0.999999 0.001445 -0.000000 0.000000
-0.001445 0.999999 -0.000000 0.000000
-0.000000 -0.000000 1.000000 -0.000000
-0.000000 0.030001 -0.000000 1.000000
-0.001468 -0.999999 -0.000000 0.000000
-0.000000 0.000000 1.000000 0.000000
-0.999999 0.001468 -0.000000 -0.000000
0.065855 -0.766056 -1.431320 1.000000
BoneName: mixamorig:RightHandRing3
BoneImdex: 50
BoneParentIndex: 49
BoneChildCount: 1
51
0.999999 -0.001486 -0.000000 0.000000
0.001486 0.999999 -0.000000 0.000000
-0.000000 -0.000000 1.000000 -0.000000
-0.000000 0.022000 -0.000000 1.000000
0.000018 -1.000000 0.000000 0.000000
-0.000000 0.000000 1.000000 0.000000
-1.000000 -0.000018 -0.000000 -0.000000
0.067026 -0.787957 -1.431320 1.000000
BoneName: mixamorig:RightHandRing4
BoneImdex: 51
BoneParentIndex: 50
BoneChildCount: 0
1.000000 0.000000 -0.000000 0.000000
0.000000 1.000000 -0.000000 0.000000
-0.000000 -0.000000 1.000000 -0.000000
0.000000 0.021862 0.000000 1.000000
0.000018 -1.000000 0.000000 0.000000
-0.000000 0.000000 1.000000 0.000000
-1.000000 -0.000018 -0.000000 -0.000000
0.067026 -0.809819 -1.431320 1.000000
BoneName: mixamorig:RightHandPinky1
BoneImdex: 52
BoneParentIndex: 35
BoneChildCount: 1
53
1.000000 0.000286 -0.000000 0.000000
-0.000286 1.000000 0.000043 0.000000
0.000000 -0.000043 1.000000 -0.000000
-0.040279 0.096281 -0.003406 1.000000
-0.000286 -1.000000 -0.000000 0.000000
-0.000000 -0.000000 1.000000 0.000000
-1.000000 0.000286 -0.000000 -0.000000
0.084576 -0.726207 -1.425220 1.000000
BoneName: mixamorig:RightHandPinky2
BoneImdex: 53
BoneParentIndex: 52
BoneChildCount: 1
54
0.999999 -0.001666 -0.000000 0.000000
0.001666 0.999999 -0.000000 0.000000
-0.000000 -0.000000 1.000000 -0.000000
-0.000000 0.029006 -0.000000 1.000000
0.001379 -0.999999 0.000000 0.000000
-0.000000 -0.000000 1.000000 0.000000
-0.999999 -0.001379 -0.000000 -0.000000
0.085834 -0.755071 -1.425220 1.000000
BoneName: mixamorig:RightHandPinky3
BoneImdex: 54
BoneParentIndex: 53
BoneChildCount: 1
55
0.999999 0.001717 -0.000000 0.000000
-0.001717 0.999999 -0.000000 0.000000
-0.000000 -0.000000 1.000000 -0.000000
-0.000000 0.012976 -0.000000 1.000000
-0.000338 -1.000000 -0.000000 0.000000
-0.000000 -0.000000 1.000000 0.000000
-1.000000 0.000338 -0.000000 -0.000000
0.084515 -0.768194 -1.425220 1.000000
BoneName: mixamorig:RightHandPinky4
BoneImdex: 55
BoneParentIndex: 54
BoneChildCount: 0
1.000000 0.000000 -0.000000 0.000000
0.000000 1.000000 -0.000000 0.000000
-0.000000 -0.000000 1.000000 -0.000000
-0.000000 0.020130 -0.000000 1.000000
-0.000338 -1.000000 -0.000000 0.000000
-0.000000 -0.000000 1.000000 0.000000
-1.000000 0.000338 -0.000000 -0.000000
0.084515 -0.788324 -1.425220 1.000000
BoneName: mixamorig:LeftUpLeg
BoneImdex: 56
BoneParentIndex: 1
BoneChildCount: 1
57
-1.000000 0.000002 -0.000000 0.000000
-0.000002 -0.999411 -0.034331 0.000000
-0.000000 -0.034331 0.999411 -0.000000
0.096888 -0.056852 0.016886 1.000000
-1.000000 -0.000000 0.000000 0.000000
-0.000000 -0.999411 -0.034331 0.000000
0.000000 -0.034331 0.999411 -0.000000
0.096888 0.994998 0.034945 1.000000
BoneName: mixamorig:LeftLeg
BoneImdex: 57
BoneParentIndex: 56
BoneChildCount: 1
58
1.000000 0.000000 -0.000000 0.000000
0.000000 0.990272 0.139146 0.000000
-0.000000 -0.139146 0.990272 -0.000000
-0.000000 0.431680 0.000000 1.000000
-1.000000 0.000000 0.000000 0.000000
-0.000000 -0.994465 0.105067 0.000000
0.000000 0.105067 0.994465 -0.000000
0.096888 0.562700 -0.043778 1.000000
BoneName: mixamorig:LeftFoot
BoneImdex: 58
BoneParentIndex: 57
BoneChildCount: 1
59
0.998146 0.024729 -0.055620 0.000000
-0.051851 0.824050 -0.564139 0.000000
0.031883 0.565977 0.823804 -0.000000
0.000000 0.408177 0.000000 1.000000
-0.998146 0.051851 -0.031883 0.000000
-0.030436 -0.878761 -0.476290 0.000000
-0.052713 -0.474437 0.878710 -0.000000
0.102964 0.147008 0.054481 1.000000
BoneName: mixamorig:LeftToeBase
BoneImdex: 59
BoneParentIndex: 58
BoneChildCount: 1
60
0.999468 -0.032338 -0.004200 0.000000
0.011741 0.477023 -0.878812 0.000000
0.030423 0.878295 0.477149 -0.000000
0.000000 0.180000 -0.000000 1.000000
-0.999158 0.041033 -0.000038 0.000000
-0.000002 -0.000977 -1.000000 0.000000
-0.041033 -0.999157 0.000977 -0.000000
0.103747 -0.062408 0.000151 1.000000
BoneName: mixamorig:LeftToe_End
BoneImdex: 60
BoneParentIndex: 59
BoneChildCount: 0
1.000000 0.000000 -0.000000 0.000000
0.000000 1.000000 -0.000000 0.000000
-0.000000 -0.000000 1.000000 -0.000000
0.000000 0.137682 0.000000 1.000000
-0.999158 0.041033 -0.000038 0.000000
-0.000002 -0.000977 -1.000000 0.000000
-0.041033 -0.999157 0.000977 -0.000000
0.103747 -0.200090 0.000151 1.000000
BoneName: mixamorig:RightUpLeg
BoneImdex: 61
BoneParentIndex: 1
BoneChildCount: 1
62
-1.000000 0.000002 -0.000000 0.000000
-0.000002 -0.999411 -0.034331 0.000000
-0.000000 -0.034331 0.999411 -0.000000
-0.096888 -0.056851 0.016886 1.000000
-1.000000 -0.000000 0.000000 0.000000
-0.000000 -0.999411 -0.034331 0.000000
0.000000 -0.034331 0.999411 -0.000000
-0.096888 0.994998 0.034945 1.000000
BoneName: mixamorig:RightLeg
BoneImdex: 62
BoneParentIndex: 61
BoneChildCount: 1
63
1.000000 0.000000 -0.000000 0.000000
0.000000 0.990272 0.139146 0.000000
-0.000000 -0.139146 0.990272 -0.000000
-0.000000 0.431680 0.000000 1.000000
-1.000000 0.000000 0.000000 0.000000
0.000000 -0.994465 0.105067 0.000000
0.000000 0.105067 0.994465 -0.000000
-0.096888 0.562700 -0.043778 1.000000
BoneName: mixamorig:RightFoot
BoneImdex: 63
BoneParentIndex: 62
BoneChildCount: 1
64
0.998146 -0.024726 0.055619 0.000000
0.051848 0.824050 -0.564140 0.000000
-0.031884 0.565978 0.823804 -0.000000
0.000000 0.408177 0.000000 1.000000
-0.998146 -0.051848 0.031884 0.000000
0.030433 -0.878761 -0.476291 0.000000
0.052714 -0.474437 0.878710 -0.000000
-0.102964 0.147008 0.054481 1.000000
BoneName: mixamorig:RightToeBase
BoneImdex: 64
BoneParentIndex: 63
BoneChildCount: 1
65
0.999468 0.032332 0.004211 0.000000
-0.011729 0.477025 -0.878811 0.000000
-0.030423 0.878295 0.477151 -0.000000
-0.000000 0.180000 -0.000000 1.000000
-0.999157 -0.041046 0.000042 0.000000
-0.000002 -0.000978 -1.000000 0.000000
0.041046 -0.999157 0.000977 -0.000000
-0.103746 -0.062409 0.000151 1.000000
BoneName: mixamorig:RightToe_End
BoneImdex: 65
BoneParentIndex: 64
BoneChildCount: 0
1.000000 0.000000 -0.000000 0.000000
0.000000 1.000000 -0.000000 0.000000
-0.000000 -0.000000 1.000000 -0.000000
-0.000000 0.137682 0.000000 1.000000
-0.999157 -0.041046 0.000042 0.000000
-0.000002 -0.000978 -1.000000 0.000000
0.041046 -0.999157 0.000977 -0.000000
-0.103746 -0.200091 0.000151 1.000000
BoneName: Maria_J_J_Ong
BoneImdex: 66
BoneParentIndex: 0
BoneChildCount: 0
1.000000 0.000000 -0.000000 0.000000
0.000000 1.000000 -0.000000 0.000000
-0.000000 -0.000000 1.000000 -0.000000
0.000000 0.000000 -0.000000 1.000000
1.000000 0.000000 0.000000 0.000000
0.000000 1.000000 0.000000 0.000000
0.000000 0.000000 1.000000 0.000000
0.000000 0.000000 0.000000 1.000000
BoneName: Maria_sword
BoneImdex: 67
BoneParentIndex: 0
BoneChildCount: 0
1.000000 0.000000 -0.000000 0.000000
0.000000 1.000000 -0.000000 0.000000
-0.000000 -0.000000 1.000000 -0.000000
0.000000 0.000000 -0.000000 1.000000
1.000000 0.000000 0.000000 0.000000
0.000000 1.000000 0.000000 0.000000
0.000000 0.000000 1.000000 0.000000
0.000000 0.000000 0.000000 1.000000
