BoneCount: 71
RootBone: 0
BoneName: RootNode
BoneImdex: 0
BoneParentIndex: -1
BoneChildCount: 2
1
70
1.000000 0.000000 -0.000000 0.000000
0.000000 1.000000 -0.000000 0.000000
-0.000000 -0.000000 1.000000 -0.000000
0.000000 0.000000 -0.000000 1.000000
1.000000 0.000000 0.000000 0.000000
0.000000 1.000000 0.000000 0.000000
0.000000 0.000000 1.000000 0.000000
0.000000 0.000000 0.000000 1.000000
BoneName: mixamorig:Hips
BoneImdex: 1
BoneParentIndex: 0
BoneChildCount: 3
2
60
65
1.000000 0.000000 -0.000000 0.000000
0.000000 1.000000 -0.000000 0.000000
-0.000000 -0.000000 1.000000 -0.000000
0.002639 1.103769 -0.002372 1.000000
1.000000 -0.000002 0.000000 0.000000
0.000002 1.000000 0.000000 0.000000
-0.000000 0.000000 1.000000 -0.000000
-0.002640 -1.103769 0.002372 1.000000
BoneName: mixamorig:Spine
BoneImdex: 2
BoneParentIndex: 1
BoneChildCount: 1
3
0.999898 0.014173 0.001828 0.000000
-0.014257 0.980677 0.195113 0.000000
0.000972 -0.195119 0.980779 -0.000000
-0.001075 0.077469 0.015414 1.000000
0.999898 -0.014258 0.000973 0.000000
0.014174 0.980677 -0.195119 0.000000
0.001828 0.195113 0.980779 -0.000000
-0.018330 -1.160936 0.217690 1.000000
BoneName: mixamorig:Spine1
BoneImdex: 3
BoneParentIndex: 2
BoneChildCount: 1
4
1.000000 0.000000 -0.000000 0.000000
0.000000 1.000000 -0.000000 0.000000
-0.000000 -0.000000 1.000000 -0.000000
0.000000 0.092161 -0.000000 1.000000
0.999898 -0.014258 0.000973 0.000000
0.014174 0.980677 -0.195119 0.000000
0.001828 0.195113 0.980779 -0.000000
-0.018330 -1.253097 0.217690 1.000000
BoneName: mixamorig:Spine2
BoneImdex: 4
BoneParentIndex: 3
BoneChildCount: 4
5
10
34
58
0.999898 -0.014258 0.000973 0.000000
0.014174 0.980677 -0.195119 0.000000
0.001828 0.195113 0.980779 -0.000000
-0.000000 0.105327 -0.000000 1.000000
1.000000 0.000000 -0.000000 0.000000
-0.000000 1.000000 0.000000 0.000000
0.000000 -0.000000 1.000000 -0.000000
0.001252 -1.374910 -0.051575 1.000000
BoneName: mixamorig:Neck
BoneImdex: 5
BoneParentIndex: 4
BoneChildCount: 1
6
1.000000 0.000000 -0.000000 0.000000
0.000000 1.000000 -0.000000 0.000000
-0.000000 -0.000000 1.000000 -0.000000
-0.001690 0.116203 0.023120 1.000000
1.000000 0.000000 -0.000000 0.000000
-0.000000 1.000000 0.000000 0.000000
0.000000 -0.000000 1.000000 -0.000000
0.002942 -1.491114 -0.074694 1.000000
BoneName: mixamorig:Head
BoneImdex: 6
BoneParentIndex: 5
BoneChildCount: 3
7
8
9
1.000000 0.000000 -0.000000 0.000000
0.000000 1.000000 -0.000000 0.000000
-0.000000 -0.000000 1.000000 -0.000000
0.000000 0.038331 -0.004441 1.000000
1.000000 0.000000 -0.000000 0.000000
-0.000000 1.000000 0.000000 0.000000
0.000000 -0.000000 1.000000 -0.000000
0.002942 -1.529445 -0.070253 1.000000
BoneName: mixamorig:HeadTop_End
BoneImdex: 7
BoneParentIndex: 6
BoneChildCount: 0
1.000000 0.000000 -0.000000 0.000000
0.000000 1.000000 -0.000000 0.000000
-0.000000 -0.000000 1.000000 -0.000000
0.000000 0.260130 -0.030141 1.000000
1.000000 0.000000 -0.000000 0.000000
-0.000000 1.000000 0.000000 0.000000
0.000000 -0.000000 1.000000 -0.000000
0.002942 -1.789575 -0.040112 1.000000
BoneName: mixamorig:LeftEye
BoneImdex: 8
BoneParentIndex: 6
BoneChildCount: 0
1.000000 0.000000 -0.000000 0.000000
0.000000 1.000000 -0.000000 0.000000
-0.000000 -0.000000 1.000000 -0.000000
0.032382 0.088545 -0.100881 1.000000
1.000000 0.000000 -0.000000 0.000000
-0.000000 1.000000 0.000000 0.000000
0.000000 -0.000000 1.000000 -0.000000
-0.029440 -1.617990 0.030628 1.000000
BoneName: mixamorig:RightEye
BoneImdex: 9
BoneParentIndex: 6
BoneChildCount: 0
1.000000 0.000000 -0.000000 0.000000
0.000000 1.000000 -0.000000 0.000000
-0.000000 -0.000000 1.000000 -0.000000
-0.025112 0.088545 -0.100881 1.000000
1.000000 0.000000 -0.000000 0.000000
-0.000000 1.000000 0.000000 0.000000
0.000000 -0.000000 1.000000 -0.000000
0.028054 -1.617990 0.030628 1.000000
BoneName: mixamorig:LeftShoulder
BoneImdex: 10
BoneParentIndex: 4
BoneChildCount: 1
11
0.006504 -0.001944 0.999977 0.000000
0.958109 -0.286324 -0.006788 0.000000
0.286331 0.958131 -0.000000 -0.000000
0.054842 0.090352 0.022698 1.000000
0.006504 0.958109 0.286331 0.000000
-0.001944 -0.286324 0.958131 0.000000
0.999977 -0.006788 0.000000 -0.000000
-0.071771 0.368700 -1.419257 1.000000
BoneName: mixamorig:LeftArm
BoneImdex: 11
BoneParentIndex: 10
BoneChildCount: 1
12
0.999977 -0.006787 0.000000 0.000000
0.006503 0.958109 0.286331 0.000000
-0.001944 -0.286325 0.958131 -0.000000
-0.000000 0.124326 -0.000000 1.000000
0.000001 1.000000 -0.000001 0.000000
0.000000 0.000001 1.000000 0.000000
1.000000 -0.000001 0.000000 -0.000000
-0.073428 -0.172707 -1.429665 1.000000
BoneName: mixamorig:LeftForeArm
BoneImdex: 12
BoneParentIndex: 11
BoneChildCount: 1
13
1.000000 0.000000 -0.000000 0.000000
0.000000 1.000000 -0.000000 0.000000
-0.000000 -0.000000 1.000000 -0.000000
0.000000 0.206612 0.000000 1.000000
0.000001 1.000000 0.000000 0.000000
0.000000 -0.000000 1.000000 0.000000
1.000000 -0.000001 -0.000000 -0.000000
-0.073429 -0.379318 -1.429665 1.000000
BoneName: mixamorig:LeftHand
BoneImdex: 13
BoneParentIndex: 12
BoneChildCount: 5
14
18
22
26
30
1.000000 0.000000 -0.000000 0.000000
0.000000 1.000000 -0.000000 0.000000
-0.000000 -0.000000 1.000000 -0.000000
-0.000000 0.289052 0.000000 1.000000
0.000001 1.000000 0.000000 0.000000
0.000000 -0.000000 1.000000 0.000000
1.000000 -0.000001 -0.000000 -0.000000
-0.073429 -0.668370 -1.429665 1.000000
BoneName: mixamorig:LeftHandThumb1
BoneImdex: 14
BoneParentIndex: 13
BoneChildCount: 1
15
0.859966 0.509819 0.023325 0.000000
-0.447059 0.774573 -0.447409 0.000000
-0.246164 0.374329 0.894025 -0.000000
-0.010528 0.026797 -0.007207 1.000000
0.509820 0.774572 0.374329 0.000000
0.023325 -0.447409 0.894025 0.000000
0.859965 -0.447060 -0.246165 -0.000000
-0.441680 0.126082 -1.516451 1.000000
BoneName: mixamorig:LeftHandThumb2
BoneImdex: 15
BoneParentIndex: 14
BoneChildCount: 1
16
1.000000 0.000052 0.000000 0.000000
-0.000052 1.000000 0.000106 0.000000
-0.000000 -0.000106 1.000000 -0.000000
-0.000000 0.023744 -0.000000 1.000000
0.509860 0.774585 0.374246 0.000000
0.023302 -0.447316 0.894073 0.000000
0.859942 -0.447131 -0.246118 -0.000000
-0.441676 0.102201 -1.516461 1.000000
BoneName: mixamorig:LeftHandThumb3
BoneImdex: 16
BoneParentIndex: 15
BoneChildCount: 1
17
1.000000 0.000283 0.000002 0.000000
-0.000283 1.000000 0.000039 0.000000
-0.000002 -0.000039 1.000000 -0.000000
-0.000000 0.028470 0.000000 1.000000
0.510080 0.774456 0.374215 0.000000
0.023177 -0.447287 0.894090 0.000000
0.859815 -0.447384 -0.246102 -0.000000
-0.441658 0.073797 -1.516463 1.000000
BoneName: mixamorig:LeftHandThumb4
BoneImdex: 17
BoneParentIndex: 16
BoneChildCount: 0
1.000000 0.000000 -0.000000 0.000000
0.000000 1.000000 -0.000000 0.000000
-0.000000 -0.000000 1.000000 -0.000000
-0.000000 0.023905 0.000000 1.000000
0.510080 0.774456 0.374215 0.000000
0.023177 -0.447287 0.894090 0.000000
0.859815 -0.447384 -0.246102 -0.000000
-0.441658 0.049892 -1.516463 1.000000
BoneName: mixamorig:LeftHandIndex1
BoneImdex: 18
BoneParentIndex: 13
BoneChildCount: 1
19
1.000000 0.000188 -0.000000 0.000000
-0.000188 1.000000 -0.000034 0.000000
0.000000 0.000034 1.000000 -0.000000
-0.011278 0.087622 -0.004539 1.000000
0.000189 1.000000 0.000034 0.000000
-0.000000 -0.000034 1.000000 0.000000
1.000000 -0.000189 -0.000000 -0.000000
-0.062293 -0.755932 -1.425152 1.000000
BoneName: mixamorig:LeftHandIndex2
BoneImdex: 19
BoneParentIndex: 18
BoneChildCount: 1
20
1.000000 -0.000510 -0.000000 0.000000
0.000510 1.000000 0.000092 0.000000
-0.000000 -0.000092 1.000000 -0.000000
-0.000000 0.019324 -0.000000 1.000000
-0.000321 1.000000 -0.000057 0.000000
0.000000 0.000057 1.000000 0.000000
1.000000 0.000321 -0.000000 -0.000000
-0.061897 -0.775419 -1.425081 1.000000
BoneName: mixamorig:LeftHandIndex3
BoneImdex: 20
BoneParentIndex: 19
BoneChildCount: 1
21
1.000000 0.000396 -0.000000 0.000000
-0.000396 1.000000 -0.000072 0.000000
-0.000000 0.000072 1.000000 -0.000000
0.000000 0.016597 0.000000 1.000000
0.000075 1.000000 0.000015 0.000000
0.000000 -0.000015 1.000000 0.000000
1.000000 -0.000075 -0.000000 -0.000000
-0.062211 -0.791888 -1.425138 1.000000
BoneName: mixamorig:LeftHandIndex4
BoneImdex: 21
BoneParentIndex: 20
BoneChildCount: 0
1.000000 0.000000 -0.000000 0.000000
0.000000 1.000000 -0.000000 0.000000
-0.000000 -0.000000 1.000000 -0.000000
-0.000000 0.022261 -0.000000 1.000000
0.000075 1.000000 0.000015 0.000000
0.000000 -0.000015 1.000000 0.000000
1.000000 -0.000075 -0.000000 -0.000000
-0.062211 -0.814149 -1.425138 1.000000
BoneName: mixamorig:LeftHandMiddle1
BoneImdex: 22
BoneParentIndex: 13
BoneChildCount: 1
23
1.000000 -0.000060 -0.000000 0.000000
0.000060 1.000000 0.000011 0.000000
-0.000000 -0.000011 1.000000 -0.000000
-0.000004 0.088545 -0.000005 1.000000
-0.000059 1.000000 -0.000011 0.000000
0.000000 0.000011 1.000000 0.000000
1.000000 0.000059 -0.000000 -0.000000
-0.073379 -0.756935 -1.429651 1.000000
BoneName: mixamorig:LeftHandMiddle2
BoneImdex: 23
BoneParentIndex: 22
BoneChildCount: 1
24
1.000000 -0.000129 -0.000000 0.000000
0.000129 1.000000 0.000023 0.000000
-0.000000 -0.000023 1.000000 -0.000000
-0.000000 0.022500 -0.000000 1.000000
-0.000188 1.000000 -0.000033 0.000000
-0.000000 0.000033 1.000000 0.000000
1.000000 0.000188 -0.000000 -0.000000
-0.073278 -0.779477 -1.429634 1.000000
BoneName: mixamorig:LeftHandMiddle3
BoneImdex: 24
BoneParentIndex: 23
BoneChildCount: 1
25
1.000000 0.000372 -0.000000 0.000000
-0.000372 1.000000 -0.000066 0.000000
-0.000000 0.000066 1.000000 -0.000000
0.000000 0.019526 0.000000 1.000000
0.000184 1.000000 0.000032 0.000000
0.000000 -0.000032 1.000000 0.000000
1.000000 -0.000184 -0.000000 -0.000000
-0.073575 -0.798882 -1.429686 1.000000
BoneName: mixamorig:LeftHandMiddle4
BoneImdex: 25
BoneParentIndex: 24
BoneChildCount: 0
1.000000 0.000000 -0.000000 0.000000
0.000000 1.000000 -0.000000 0.000000
-0.000000 -0.000000 1.000000 -0.000000
-0.000000 0.027431 -0.000000 1.000000
0.000184 1.000000 0.000032 0.000000
0.000000 -0.000032 1.000000 0.000000
1.000000 -0.000184 -0.000000 -0.000000
-0.073575 -0.826313 -1.429686 1.000000
BoneName: mixamorig:LeftHandRing1
BoneImdex: 26
BoneParentIndex: 13
BoneChildCount: 1
27
1.000000 -0.000122 -0.000000 0.000000
0.000122 1.000000 0.000019 0.000000
-0.000000 -0.000019 1.000000 -0.000000
0.018411 0.083472 -0.001783 1.000000
-0.000121 1.000000 -0.000019 0.000000
0.000000 0.000019 1.000000 0.000000
1.000000 0.000121 -0.000000 -0.000000
-0.091747 -0.751880 -1.427868 1.000000
BoneName: mixamorig:LeftHandRing2
BoneImdex: 27
BoneParentIndex: 26
BoneChildCount: 1
28
1.000000 0.000183 -0.000000 0.000000
-0.000183 1.000000 -0.000060 0.000000
-0.000000 0.000060 1.000000 -0.000000
-0.000000 0.022223 -0.000000 1.000000
0.000062 1.000000 0.000042 0.000000
0.000000 -0.000042 1.000000 0.000000
1.000000 -0.000062 -0.000000 -0.000000
-0.091889 -0.774000 -1.427914 1.000000
BoneName: mixamorig:LeftHandRing3
BoneImdex: 28
BoneParentIndex: 27
BoneChildCount: 1
29
1.000000 0.000134 -0.000000 0.000000
-0.000134 1.000000 -0.000136 0.000000
-0.000000 0.000136 1.000000 -0.000000
-0.000000 0.017706 -0.000000 1.000000
0.000196 1.000000 0.000177 0.000000
-0.000000 -0.000177 1.000000 0.000000
1.000000 -0.000196 -0.000000 -0.000000
-0.091995 -0.791500 -1.428022 1.000000
BoneName: mixamorig:LeftHandRing4
BoneImdex: 29
BoneParentIndex: 28
BoneChildCount: 0
1.000000 0.000000 -0.000000 0.000000
0.000000 1.000000 -0.000000 0.000000
-0.000000 -0.000000 1.000000 -0.000000
-0.000000 0.025658 -0.000000 1.000000
0.000196 1.000000 0.000177 0.000000
-0.000000 -0.000177 1.000000 0.000000
1.000000 -0.000196 -0.000000 -0.000000
-0.091995 -0.817158 -1.428022 1.000000
BoneName: mixamorig:LeftHandPinky1
BoneImdex: 30
BoneParentIndex: 13
BoneChildCount: 1
31
1.000000 -0.000082 -0.000000 0.000000
0.000082 1.000000 0.000013 0.000000
-0.000000 -0.000013 1.000000 -0.000000
0.032572 0.076880 -0.003170 1.000000
-0.000081 1.000000 -0.000012 0.000000
0.000000 0.000012 1.000000 0.000000
1.000000 0.000081 -0.000000 -0.000000
-0.105939 -0.745278 -1.426485 1.000000
BoneName: mixamorig:LeftHandPinky2
BoneImdex: 31
BoneParentIndex: 30
BoneChildCount: 1
32
1.000000 -0.000051 -0.000000 0.000000
0.000051 1.000000 0.000298 0.000000
-0.000000 -0.000298 1.000000 -0.000000
-0.000000 0.017862 -0.000000 1.000000
-0.000133 1.000000 -0.000311 0.000000
-0.000000 0.000311 1.000000 0.000000
1.000000 0.000133 -0.000000 -0.000000
-0.105900 -0.763570 -1.426258 1.000000
BoneName: mixamorig:LeftHandPinky3
BoneImdex: 32
BoneParentIndex: 31
BoneChildCount: 1
33
1.000000 0.000167 -0.000000 0.000000
-0.000167 1.000000 -0.000315 0.000000
-0.000000 0.000315 1.000000 -0.000000
0.000000 0.014527 0.000000 1.000000
0.000035 1.000000 0.000005 0.000000
-0.000000 -0.000005 1.000000 0.000000
1.000000 -0.000035 -0.000000 -0.000000
-0.106030 -0.777630 -1.426503 1.000000
BoneName: mixamorig:LeftHandPinky4
BoneImdex: 33
BoneParentIndex: 32
BoneChildCount: 0
1.000000 0.000000 -0.000000 0.000000
0.000000 1.000000 -0.000000 0.000000
-0.000000 -0.000000 1.000000 -0.000000
-0.000000 0.020957 -0.000000 1.000000
0.000035 1.000000 0.000005 0.000000
-0.000000 -0.000005 1.000000 0.000000
1.000000 -0.000035 -0.000000 -0.000000
-0.106030 -0.798587 -1.426503 1.000000
BoneName: mixamorig:RightShoulder
BoneImdex: 34
BoneParentIndex: 4
BoneChildCount: 1
35
-0.006682 -0.002063 -0.999976 0.000000
-0.955487 -0.294949 0.006993 0.000000
-0.294956 0.955511 -0.000000 -0.000000
-0.056205 0.090352 0.023542 1.000000
-0.006682 -0.955487 -0.294956 0.000000
-0.002063 -0.294949 0.955511 0.000000
-0.999976 0.006993 0.000000 -0.000000
0.077753 0.376752 -1.417022 1.000000
BoneName: mixamorig:RightArm
BoneImdex: 35
BoneParentIndex: 34
BoneChildCount: 1
36
0.999976 -0.006994 -0.000000 0.000000
0.006683 0.955488 0.294955 0.000000
-0.002063 -0.294948 0.955511 -0.000000
0.000000 0.120672 0.000000 1.000000
0.000001 -1.000000 -0.000001 0.000000
0.000000 -0.000001 1.000000 0.000000
-1.000000 -0.000001 -0.000000 -0.000000
0.075960 -0.172756 -1.429671 1.000000
BoneName: mixamorig:RightForeArm
BoneImdex: 36
BoneParentIndex: 35
BoneChildCount: 1
37
1.000000 0.000000 -0.000000 0.000000
0.000000 1.000000 -0.000000 0.000000
-0.000000 -0.000000 1.000000 -0.000000
-0.000000 0.206213 0.000000 1.000000
0.000001 -1.000000 -0.000001 0.000000
0.000000 -0.000001 1.000000 0.000000
-1.000000 -0.000001 -0.000000 -0.000000
0.075960 -0.378969 -1.429671 1.000000
BoneName: mixamorig:RightHand
BoneImdex: 37
BoneParentIndex: 36
BoneChildCount: 5
38
42
46
50
54
1.000000 0.000000 -0.000000 0.000000
0.000000 1.000000 -0.000000 0.000000
-0.000000 -0.000000 1.000000 -0.000000
0.000000 0.286291 -0.000000 1.000000
0.000001 -1.000000 -0.000001 0.000000
0.000000 -0.000001 1.000000 0.000000
-1.000000 -0.000001 -0.000000 -0.000000
0.075960 -0.665259 -1.429671 1.000000
BoneName: mixamorig:RightHandThumb1
BoneImdex: 38
BoneParentIndex: 37
BoneChildCount: 1
39
0.861360 -0.507682 -0.017852 0.000000
0.447261 0.774572 -0.447209 0.000000
0.240868 0.377223 0.894251 -0.000000
0.012493 0.031849 -0.007325 1.000000
0.507683 -0.774571 -0.377224 0.000000
-0.017851 -0.447210 0.894251 0.000000
-0.861359 -0.447261 -0.240868 -0.000000
0.433969 0.124512 -1.519613 1.000000
BoneName: mixamorig:RightHandThumb2
BoneImdex: 39
BoneParentIndex: 38
BoneChildCount: 1
40
1.000000 -0.000072 -0.000001 0.000000
0.000072 1.000000 0.000202 0.000000
0.000001 -0.000202 1.000000 -0.000000
-0.000000 0.027990 0.000000 1.000000
0.507738 -0.774611 -0.377068 0.000000
-0.017820 -0.447031 0.894341 0.000000
-0.861327 -0.447372 -0.240778 -0.000000
0.433963 0.096247 -1.519632 1.000000
BoneName: mixamorig:RightHandThumb3
BoneImdex: 40
BoneParentIndex: 39
BoneChildCount: 1
41
1.000000 -0.000043 -0.000000 0.000000
0.000043 1.000000 -0.000307 0.000000
0.000000 0.000307 1.000000 -0.000000
0.000000 0.024907 0.000000 1.000000
0.507771 -0.774473 -0.377305 0.000000
-0.017801 -0.447306 0.894204 0.000000
-0.861308 -0.447335 -0.240916 -0.000000
0.433960 0.071824 -1.519610 1.000000
BoneName: mixamorig:RightHandThumb4
BoneImdex: 41
BoneParentIndex: 40
BoneChildCount: 0
1.000000 0.000000 -0.000000 0.000000
0.000000 1.000000 -0.000000 0.000000
-0.000000 -0.000000 1.000000 -0.000000
0.000000 0.018399 -0.000000 1.000000
0.507771 -0.774473 -0.377305 0.000000
-0.017801 -0.447306 0.894204 0.000000
-0.861308 -0.447335 -0.240916 -0.000000
0.433960 0.053425 -1.519610 1.000000
BoneName: mixamorig:RightHandIndex1
BoneImdex: 42
BoneParentIndex: 37
BoneChildCount: 1
43
1.000000 -0.000246 0.000000 0.000000
0.000246 1.000000 -0.000053 0.000000
-0.000000 0.000053 1.000000 -0.000000
0.015624 0.088673 -0.003678 1.000000
0.000247 -1.000000 -0.000055 0.000000
0.000000 -0.000055 1.000000 0.000000
-1.000000 -0.000247 -0.000000 -0.000000
0.060521 -0.753841 -1.426033 1.000000
BoneName: mixamorig:RightHandIndex2
BoneImdex: 43
BoneParentIndex: 42
BoneChildCount: 1
44
1.000000 0.000461 0.000000 0.000000
-0.000461 1.000000 -0.000200 0.000000
-0.000000 0.000200 1.000000 -0.000000
0.000000 0.019669 -0.000000 1.000000
-0.000214 -1.000000 -0.000254 0.000000
-0.000000 -0.000254 1.000000 0.000000
-1.000000 0.000214 0.000000 -0.000000
0.060165 -0.773253 -1.426187 1.000000
BoneName: mixamorig:RightHandIndex3
BoneImdex: 44
BoneParentIndex: 43
BoneChildCount: 1
45
1.000000 -0.000364 -0.000000 0.000000
0.000364 1.000000 0.000221 0.000000
0.000000 -0.000221 1.000000 -0.000000
-0.000000 0.015661 -0.000000 1.000000
0.000149 -1.000000 -0.000034 0.000000
-0.000000 -0.000034 1.000000 0.000000
-1.000000 -0.000149 -0.000000 -0.000000
0.060452 -0.789207 -1.426013 1.000000
BoneName: mixamorig:RightHandIndex4
BoneImdex: 45
BoneParentIndex: 44
BoneChildCount: 0
1.000000 0.000000 -0.000000 0.000000
0.000000 1.000000 -0.000000 0.000000
-0.000000 -0.000000 1.000000 -0.000000
-0.000000 0.021501 0.000000 1.000000
0.000149 -1.000000 -0.000034 0.000000
-0.000000 -0.000034 1.000000 0.000000
-1.000000 -0.000149 -0.000000 -0.000000
0.060452 -0.810708 -1.426013 1.000000
BoneName: mixamorig:RightHandMiddle1
BoneImdex: 46
BoneParentIndex: 37
BoneChildCount: 1
47
1.000000 0.000046 -0.000000 0.000000
-0.000046 1.000000 0.000007 0.000000
0.000000 -0.000007 1.000000 -0.000000
0.000005 0.088560 0.000006 1.000000
-0.000045 -1.000000 0.000006 0.000000
-0.000000 0.000006 1.000000 0.000000
-1.000000 0.000045 -0.000000 -0.000000
0.075921 -0.753833 -1.429671 1.000000
BoneName: mixamorig:RightHandMiddle2
BoneImdex: 47
BoneParentIndex: 46
BoneChildCount: 1
48
1.000000 -0.000169 -0.000000 0.000000
0.000169 1.000000 0.000140 0.000000
-0.000000 -0.000140 1.000000 -0.000000
0.000000 0.021434 -0.000000 1.000000
0.000124 -1.000000 0.000146 0.000000
-0.000000 0.000146 1.000000 0.000000
-1.000000 -0.000124 0.000000 -0.000000
0.076052 -0.775454 -1.429562 1.000000
BoneName: mixamorig:RightHandMiddle3
BoneImdex: 48
BoneParentIndex: 47
BoneChildCount: 1
49
1.000000 -0.000019 -0.000000 0.000000
0.000019 1.000000 -0.000344 0.000000
0.000000 0.000344 1.000000 -0.000000
0.000000 0.019318 0.000000 1.000000
0.000144 -1.000000 -0.000199 0.000000
-0.000000 -0.000199 1.000000 0.000000
-1.000000 -0.000144 -0.000000 -0.000000
0.076067 -0.794278 -1.429836 1.000000
BoneName: mixamorig:RightHandMiddle4
BoneImdex: 49
BoneParentIndex: 48
BoneChildCount: 0
1.000000 0.000000 -0.000000 0.000000
0.000000 1.000000 -0.000000 0.000000
-0.000000 -0.000000 1.000000 -0.000000
0.000000 0.026558 0.000000 1.000000
0.000144 -1.000000 -0.000199 0.000000
-0.000000 -0.000199 1.000000 0.000000
-1.000000 -0.000144 -0.000000 -0.000000
0.076067 -0.820836 -1.429836 1.000000
BoneName: mixamorig:RightHandRing1
BoneImdex: 50
BoneParentIndex: 37
BoneChildCount: 1
51
1.000000 0.000245 0.000000 0.000000
-0.000245 1.000000 0.000035 0.000000
0.000000 -0.000035 1.000000 -0.000000
-0.018318 0.092132 -0.001266 1.000000
-0.000245 -1.000000 0.000034 0.000000
-0.000000 0.000034 1.000000 0.000000
-1.000000 0.000245 -0.000000 -0.000000
0.094093 -0.757465 -1.428378 1.000000
BoneName: mixamorig:RightHandRing2
BoneImdex: 51
BoneParentIndex: 50
BoneChildCount: 1
52
1.000000 -0.000178 -0.000000 0.000000
0.000178 1.000000 -0.000099 0.000000
0.000000 0.000099 1.000000 -0.000000
0.000000 0.019729 -0.000000 1.000000
-0.000067 -1.000000 -0.000065 0.000000
-0.000000 -0.000065 1.000000 0.000000
-1.000000 0.000067 -0.000000 -0.000000
0.094231 -0.777037 -1.428455 1.000000
BoneName: mixamorig:RightHandRing3
BoneImdex: 52
BoneParentIndex: 51
BoneChildCount: 1
53
1.000000 -0.000125 -0.000000 0.000000
0.000125 1.000000 0.000055 0.000000
-0.000000 -0.000055 1.000000 -0.000000
0.000000 0.016052 -0.000000 1.000000
0.000058 -1.000000 -0.000009 0.000000
0.000000 -0.000009 1.000000 0.000000
-1.000000 -0.000058 0.000000 -0.000000
0.094330 -0.793157 -1.428411 1.000000
BoneName: mixamorig:RightHandRing4
BoneImdex: 53
BoneParentIndex: 52
BoneChildCount: 0
1.000000 0.000000 -0.000000 0.000000
0.000000 1.000000 -0.000000 0.000000
-0.000000 -0.000000 1.000000 -0.000000
0.000000 0.021821 0.000000 1.000000
0.000058 -1.000000 -0.000009 0.000000
0.000000 -0.000009 1.000000 0.000000
-1.000000 -0.000058 0.000000 -0.000000
0.094330 -0.814978 -1.428411 1.000000
BoneName: mixamorig:RightHandPinky1
BoneImdex: 54
BoneParentIndex: 37
BoneChildCount: 1
55
1.000000 0.000243 0.000000 0.000000
-0.000243 1.000000 0.000037 0.000000
0.000000 -0.000037 1.000000 -0.000000
-0.032252 0.083862 -0.003177 1.000000
-0.000242 -1.000000 0.000036 0.000000
-0.000000 0.000036 1.000000 0.000000
-1.000000 0.000242 -0.000000 -0.000000
0.108030 -0.749201 -1.426465 1.000000
BoneName: mixamorig:RightHandPinky2
BoneImdex: 55
BoneParentIndex: 54
BoneChildCount: 1
56
1.000000 -0.000631 0.000000 0.000000
0.000631 1.000000 -0.000100 0.000000
0.000000 0.000100 1.000000 -0.000000
-0.000000 0.015703 0.000000 1.000000
0.000389 -1.000000 -0.000065 0.000000
0.000000 -0.000065 1.000000 0.000000
-1.000000 -0.000389 -0.000000 -0.000000
0.108513 -0.764692 -1.426542 1.000000
BoneName: mixamorig:RightHandPinky3
BoneImdex: 56
BoneParentIndex: 55
BoneChildCount: 1
57
1.000000 0.000436 -0.000000 0.000000
-0.000436 1.000000 0.000069 0.000000
0.000000 -0.000069 1.000000 -0.000000
0.000000 0.013100 -0.000000 1.000000
-0.000047 -1.000000 0.000004 0.000000
-0.000000 0.000004 1.000000 0.000000
-1.000000 0.000047 -0.000000 -0.000000
0.108174 -0.777937 -1.426489 1.000000
BoneName: mixamorig:RightHandPinky4
BoneImdex: 57
BoneParentIndex: 56
BoneChildCount: 0
1.000000 0.000000 -0.000000 0.000000
0.000000 1.000000 -0.000000 0.000000
-0.000000 -0.000000 1.000000 -0.000000
-0.000000 0.018366 0.000000 1.000000
-0.000047 -1.000000 0.000004 0.000000
-0.000000 0.000004 1.000000 0.000000
-1.000000 0.000047 -0.000000 -0.000000
0.108174 -0.796302 -1.426489 1.000000
BoneName: mixamorig:Sleeve1
BoneImdex: 58
BoneParentIndex: 4
BoneChildCount: 1
59
-0.030951 -0.004272 -0.999512 0.000000
0.136731 -0.990608 -0.000000 0.000000
-0.990125 -0.136664 0.031245 -0.000000
0.145917 -0.012304 0.022298 1.000000
-0.030951 0.136731 -0.990125 0.000000
-0.004272 -0.990608 -0.136664 0.000000
-0.999512 0.000000 0.031244 -0.000000
0.084135 1.330029 0.327147 1.000000
BoneName: mixamorig:Sleeve2
BoneImdex: 59
BoneParentIndex: 58
BoneChildCount: 0
1.000000 0.000000 -0.000000 0.000000
0.000000 1.000000 -0.000000 0.000000
-0.000000 -0.000000 1.000000 -0.000000
-0.000000 0.180669 -0.000000 1.000000
-0.030951 0.136731 -0.990125 0.000000
-0.004272 -0.990608 -0.136664 0.000000
-0.999512 0.000000 0.031244 -0.000000
0.084135 1.149360 0.327147 1.000000
BoneName: mixamorig:RightUpLeg
BoneImdex: 60
BoneParentIndex: 1
BoneChildCount: 1
61
-1.000000 0.000002 -0.000000 0.000000
-0.000002 -0.999961 0.008876 0.000000
0.000000 0.008876 0.999961 -0.000000
-0.106422 -0.043106 0.004727 1.000000
-1.000000 -0.000000 0.000000 0.000000
0.000000 -0.999961 0.008876 0.000000
0.000000 0.008876 0.999961 -0.000000
-0.103784 1.060600 -0.011770 1.000000
BoneName: mixamorig:RightLeg
BoneImdex: 61
BoneParentIndex: 60
BoneChildCount: 1
62
1.000000 0.000000 -0.000000 0.000000
0.000000 0.999259 0.038491 0.000000
-0.000000 -0.038491 0.999259 -0.000000
-0.000000 0.457159 0.000000 1.000000
-1.000000 0.000000 0.000000 0.000000
0.000000 -0.998878 0.047359 0.000000
0.000000 0.047359 0.998878 -0.000000
-0.103784 0.602541 -0.034988 1.000000
BoneName: mixamorig:RightFoot
BoneImdex: 62
BoneParentIndex: 61
BoneChildCount: 1
63
0.992451 -0.056221 0.108998 0.000000
0.119050 0.655185 -0.746029 0.000000
-0.029471 0.753373 0.656932 -0.000000
0.000000 0.505230 0.000000 1.000000
-0.992451 -0.119050 0.029471 0.000000
0.061320 -0.689781 -0.721417 0.000000
0.106213 -0.714163 0.691874 -0.000000
-0.112285 0.077503 0.053385 1.000000
BoneName: mixamorig:RightToeBase
BoneImdex: 63
BoneParentIndex: 62
BoneChildCount: 1
64
0.998007 0.053140 0.034023 0.000000
-0.015484 0.728978 -0.684362 0.000000
-0.061169 0.682471 0.728348 -0.000000
0.000000 0.132000 0.000000 1.000000
-0.995797 -0.091586 0.000924 0.000000
-0.000002 -0.010074 -0.999949 0.000000
0.091591 -0.995746 0.010032 -0.000000
-0.113141 -0.074523 0.008559 1.000000
BoneName: mixamorig:RightToe_End
BoneImdex: 64
BoneParentIndex: 63
BoneChildCount: 0
1.000000 0.000000 -0.000000 0.000000
0.000000 1.000000 -0.000000 0.000000
-0.000000 -0.000000 1.000000 -0.000000
0.000000 0.048401 0.000000 1.000000
-0.995797 -0.091586 0.000924 0.000000
-0.000002 -0.010074 -0.999949 0.000000
0.091591 -0.995746 0.010032 -0.000000
-0.113141 -0.122923 0.008559 1.000000
BoneName: mixamorig:LeftUpLeg
BoneImdex: 65
BoneParentIndex: 1
BoneChildCount: 1
66
-1.000000 0.000002 -0.000000 0.000000
-0.000002 -0.999961 0.008876 0.000000
0.000000 0.008876 0.999961 -0.000000
0.101145 -0.043106 0.004728 1.000000
-1.000000 0.000000 0.000000 0.000000
0.000000 -0.999961 0.008876 0.000000
0.000000 0.008876 0.999961 -0.000000
0.103784 1.060601 -0.011770 1.000000
BoneName: mixamorig:LeftLeg
BoneImdex: 66
BoneParentIndex: 65
BoneChildCount: 1
67
1.000000 0.000000 -0.000000 0.000000
0.000000 0.999259 0.038491 0.000000
-0.000000 -0.038491 0.999259 -0.000000
-0.000000 0.457160 0.000000 1.000000
-1.000000 0.000000 0.000000 0.000000
0.000000 -0.998878 0.047359 0.000000
0.000000 0.047359 0.998878 -0.000000
0.103784 0.602540 -0.034989 1.000000
BoneName: mixamorig:LeftFoot
BoneImdex: 67
BoneParentIndex: 66
BoneChildCount: 1
68
0.992451 0.056223 -0.108995 0.000000
-0.119048 0.655186 -0.746029 0.000000
0.029468 0.753373 0.656933 -0.000000
0.000000 0.505230 0.000000 1.000000
-0.992451 0.119048 -0.029468 0.000000
-0.061322 -0.689781 -0.721416 0.000000
-0.106210 -0.714163 0.691874 -0.000000
0.112285 0.077504 0.053384 1.000000
BoneName: mixamorig:LeftToeBase
BoneImdex: 68
BoneParentIndex: 67
BoneChildCount: 1
69
0.998007 -0.053137 -0.034024 0.000000
0.015482 0.728978 -0.684362 0.000000
0.061167 0.682472 0.728348 -0.000000
0.000000 0.132000 -0.000000 1.000000
-0.995797 0.091585 -0.000921 0.000000
-0.000002 -0.010074 -0.999949 0.000000
-0.091590 -0.995746 0.010032 -0.000000
0.113141 -0.074523 0.008558 1.000000
BoneName: mixamorig:LeftToe_End
BoneImdex: 69
BoneParentIndex: 68
BoneChildCount: 0
1.000000 0.000000 -0.000000 0.000000
0.000000 1.000000 -0.000000 0.000000
-0.000000 -0.000000 1.000000 -0.000000
0.000000 0.048400 0.000000 1.000000
-0.995797 0.091585 -0.000921 0.000000
-0.000002 -0.010074 -0.999949 0.000000
-0.091590 -0.995746 0.010032 -0.000000
0.113141 -0.122923 0.008558 1.000000
BoneName: Mdea_mesh
BoneImdex: 70
BoneParentIndex: 0
BoneChildCount: 0
1.000000 0.000000 -0.000000 0.000000
0.000000 1.000000 -0.000000 0.000000
-0.000000 -0.000000 1.000000 -0.000000
0.000000 0.000000 -0.000000 1.000000
1.000000 0.000000 0.000000 0.000000
0.000000 1.000000 0.000000 0.000000
0.000000 0.000000 1.000000 0.000000
0.000000 0.000000 0.000000 1.000000
